0 0.7914765286689122 0.13855066788562811 0.14658052273741298 0.15147492887158615
0 0.6473418680985084 0.18498704208039932 0.14332818874502423 0.14713848354840114
0 0.5069224565395214 0.22496119295452255 0.14489068874502423 0.1472233728766603
0 0.37134971247102044 0.26988900917720154 0.14670785672980174 0.15564159553825288
0 0.23906113589300543 0.31985538007669556 0.145018022737413 0.15139003954332703
0 0.2487000741437381 0.4560166007611217 0.15133168973360736 0.15381293018969705
0 0.3875251522046278 0.415085672548591 0.14976918973360745 0.15372804086143788
0 0.5215990632693231 0.3723260789875045 0.14820668973360734 0.1536431515331787
0 0.6703575568435325 0.3235517034746224 0.14976918973360737 0.15372804086143788
0 0.8216189679082279 0.2798583273026848 0.14820668973360754 0.1536431515331787
0 0.8589518246380298 0.42599231807590854 0.15302152372599592 0.15806448618462288
0 0.6943136630790427 0.46728225353804925 0.15308519072219048 0.16014781951795623
0 0.5424301695048334 0.5162264077074497 0.14970552273741297 0.15164470752810455
0 0.403046675930624 0.5644914472507767 0.14814302273741298 0.15155981819984538
0 0.26359951536022025 0.6106731534607702 0.14820668973360734 0.1536431515331787
0 0.27889820459953607 0.7527872614962893 0.1498965237259962 0.15789470752810456
0 0.4224107826604258 0.711601665298981 0.1498965237259961 0.15789470752810456
0 0.5643290272232184 0.6694592917632652 0.1548386917107738 0.16648270884621563
0 0.7228936023183585 0.6086748022833651 0.15308519072219048 0.16014781951795623
0 0.8906885973754427 0.5682567548313727 0.15646485870696836 0.16865093150780788
0 0.9279313056078035 0.734884521624893 0.14413738878439303 0.17081915416940063
0 0.7481084610253268 0.7679879076826623 0.1579636917107738 0.16665248750273395
0 0.5864507194282836 0.8299838424857475 0.1579636917107738 0.16665248750273373
0 0.4345208049035472 0.851802218657685 0.15314885771838505 0.16223115285128956
0 0.29483356380079584 0.9157347028651416 0.1495781887450242 0.14747804086143787
1 0.7945206156270503 0.161340000559906 0.10809634288963732 0.06618914098829147
1 0.6495410380604522 0.20573548608547346 0.1081600098858317 0.0682724743216248
1 0.5107159599995625 0.24666641429800418 0.10490767589344294 0.0639360289984398
1 0.37507954893486717 0.2895108971873499 0.10822367688202617 0.07035580765495814
1 0.2428864728511438 0.3426022680868438 0.1034725098858317 0.06801780633684729
1 0.2525254111018764 0.47876348877127 0.10490767589344294 0.0639360289984398
1 0.39060107266086336 0.4389166718895356 0.10822367688202617 0.07035580765495814
1 0.5254880672236558 0.3971563003309861 0.1081600098858317 0.0682724743216248
1 0.6741510603035736 0.345256924818104 0.10490767589344294 0.0639360289984398
1 0.8262573883644635 0.3036044373153702 0.10640650889724838 0.06193758499336563
1 0.8627771615961681 0.4487392060860568 0.1080963428896375 0.06618914098829147
1 0.699701500037181 0.4899442522199383 0.1081600098858317 0.0682724743216248
1 0.5447248399610689 0.5400998517125238 0.10653384288963733 0.0661042516600323
1 0.4053095128887623 0.5873232245891842 0.10803267589344294 0.06410580765495813
1 0.2673930188202614 0.632378374804252 0.10965884288963731 0.06627403031655063
1 0.28356845855386875 0.7775750381756413 0.10978617688202608 0.0704406969832173
1 0.4270810366147585 0.7363894419783331 0.11141234387822045 0.07260891964480981
1 0.5674367811775511 0.6943319577708765 0.11153967787060921 0.07677558631147671
1 0.7267826062726913 0.6335050236268468 0.11134867688202625 0.07052558631147647
1 0.8937963513297753 0.5931294208389839 0.11316584486680341 0.07894380897306898
1 0.9380795450177155 0.7618405209658374 0.11622717787060921 0.07703025429625399
1 0.7504349649796593 0.7929030183544031 0.11785334486680359 0.07919847695784672
1 0.5910891398845192 0.853729952498433 0.11616351087441483 0.07494692096292065
1 0.4391910588578799 0.8765899953370372 0.11460101087441502 0.07486203163466172
1 0.2989454022418089 0.94785659087529 0.11134867688202607 0.07052558631147647