0 0.8478220291632036 0.1647744166743557 0.17346135771838506 0.15809405627551562
0 0.6655997781746205 0.1627609063913085 0.17189885771838503 0.15805769155691518
0 0.47532494665368963 0.1786557353938971 0.17189885771838503 0.15805769155691518
0 0.2943296146384672 0.19120737608488306 0.17677735870696817 0.1644167857127165
0 0.12127411661563355 0.20774385984953334 0.17983869171077377 0.1624061818165841
0 0.1300190583264073 0.3659862813863655 0.17827619171077375 0.16236981709798357
0 0.30457338935304656 0.34733009956978145 0.17840352570316256 0.16653648376465024
0 0.4841335553606577 0.33898149026406266 0.1751511917107738 0.16229708766078269
0 0.6672179693911027 0.3180419691618427 0.1766500247145794 0.16025011904604985
0 0.8539048858930055 0.3126547186224219 0.17677735870696837 0.1644167857127165
0 0.867655662584751 0.4812047126701194 0.18015702669174588 0.17282284848325086
0 0.6808095785923624 0.481383629876207 0.17677735870696817 0.1644167857127165
0 0.5039114975657231 0.5000943587706917 0.17677735870696817 0.1644167857127165
0 0.31207416604479227 0.5160255524918808 0.1799023587069682 0.16448951514991753
0 0.13107883402956982 0.5285771931828667 0.17983869171077377 0.1624061818165841
0 0.13555011121560712 0.700470375542167 0.17677735870696815 0.1644167857127165
0 0.3195112757403436 0.6826376720806467 0.17833985870696817 0.1644531504313169
0 0.5098497742574688 0.6688261764113915 0.17840352570316256 0.16653648376465024
0 0.6955962732688856 0.6582487748979375 0.18009335969555132 0.17073951514991753
0 0.8813109387822052 0.6466297067178169 0.1816558596955513 0.17077587986851792
0 0.9036236319758537 0.8139380281465451 0.18497186068413426 0.1770986093057189
0 0.713348800454923 0.8298328571491339 0.1832183596955513 0.1708122445871183
0 0.5245728019377978 0.8436079880997888 0.1816558596955513 0.17077587986851792
0 0.33417063642447803 0.8553361504357108 0.18159219269935695 0.1686925465351846
0 0.1487743058921304 0.877371885282498 0.17853085969555132 0.1707031504313169
1 0.8502122001137307 0.19182138528908854 0.13140650889724875 0.05926827164383764
1 0.6695524491251476 0.18977151028744094 0.1297166749048598 0.05506524025857047
1 0.47771511760421675 0.20570270400863003 0.1297803419010542 0.057148573591903805
1 0.29515728558899423 0.21829070941821638 0.12834517589344294 0.061278875539970086
1 0.12366428756616063 0.23479082846426624 0.12828150889724857 0.059195542206636746
1 0.13084672927693436 0.39306961471969887 0.1297803419010542 0.057148573591903805
1 0.3030573103035737 0.3744679799810155 0.13153384288963732 0.06343493831050419
1 0.4865873933073792 0.36811179221212886 0.13140650889724856 0.05926827164383764
1 0.669639973839727 0.3461306044432423 0.13296900889724855 0.05930463636243814
1 0.8579212238397268 0.34174865585188763 0.1346588428896375 0.0635076677477052
1 0.870014000037181 0.5072100146181856 0.13634867688202626 0.06771069913297237
1 0.6848259165390839 0.5104775671056726 0.13459517589344294 0.06142433441437187
1 0.5048028355124445 0.5292610254373583 0.13147017589344295 0.06135160497717097
1 0.31290183699531937 0.5431088858252141 0.13453150889724858 0.059341001081038534
1 0.1320020054743885 0.5587855265162001 0.12990767589344293 0.06131524025857047
1 0.13644144916232862 0.7296370422088335 0.13140650889724856 0.05926827164383752
1 0.32196511368706504 0.7117679740287131 0.13296900889724855 0.05930463636243814
1 0.5123036122041903 0.6979564783594577 0.13446784190105418 0.0572576677477052
1 0.6996126112156071 0.6873427121274033 0.13615767589344294 0.06146069913297225
1 0.8853272767289267 0.6757236439472827 0.1362850098858317 0.06562736579963892
1 0.9060774699225753 0.8430683300946115 0.1394736768820259 0.06778342857017326
1 0.7143038053978389 0.8610828571491339 0.13459517589344294 0.06142433441437187
1 0.5270266398845191 0.872738290047855 0.13772017589344293 0.06149706385157287
1 0.3350619743711996 0.8845028171023773 0.13609400889724857 0.05937736579963892
1 0.15122814383885191 0.9065021872305642 0.13459517589344294 0.06142433441437187