0 0.1671875 0.24166666666666667 0.1484375 0.12916666666666668
0 0.328125 0.23333333333333334 0.1515625 0.1375
0 0.496875 0.22083333333333333 0.15 0.13125
0 0.6625 0.20833333333333334 0.15 0.13125
0 0.8265625 0.21041666666666667 0.146875 0.12708333333333333
0 0.8359375 0.3645833333333333 0.15 0.13333333333333333
0 0.6703125 0.36666666666666664 0.1515625 0.13125
0 0.503125 0.3854166666666667 0.1484375 0.12916666666666668
0 0.334375 0.37916666666666665 0.1515625 0.12916666666666668
0 0.159375 0.38958333333333334 0.153125 0.12916666666666668
0 0.1484375 0.55 0.153125 0.1375
0 0.328125 0.5416666666666666 0.153125 0.1375
0 0.5015625 0.5354166666666667 0.1515625 0.13125
0 0.6796875 0.5208333333333334 0.1546875 0.13333333333333333
0 0.8484375 0.5083333333333333 0.1515625 0.12916666666666668
0 0.8546875 0.6708333333333333 0.153125 0.1375
0 0.6921875 0.6770833333333334 0.1546875 0.14166666666666666
0 0.5140625 0.6833333333333333 0.153125 0.13541666666666666
0 0.334375 0.6979166666666666 0.15625 0.14375
0 0.15 0.7125 0.1546875 0.1375
0 0.1578125 0.8770833333333333 0.15625 0.13958333333333334
0 0.3359375 0.8625 0.15625 0.14166666666666666
0 0.5125 0.8416666666666667 0.159375 0.14791666666666667
0 0.6921875 0.84375 0.159375 0.14791666666666667
0 0.8671875 0.8416666666666667 0.15625 0.1375
1 0.165625 0.26875 0.1171875 0.0375
1 0.3296875 0.25833333333333336 0.1171875 0.04583333333333333
1 0.4953125 0.24583333333333332 0.1171875 0.041666666666666664
1 0.6625 0.23125 0.115625 0.03958333333333333
1 0.8265625 0.23541666666666666 0.115625 0.035416666666666666
1 0.834375 0.39166666666666666 0.1171875 0.041666666666666664
1 0.671875 0.39166666666666666 0.1171875 0.03958333333333333
1 0.5046875 0.4125 0.115625 0.0375
1 0.334375 0.40625 0.11875 0.0375
1 0.159375 0.4166666666666667 0.1171875 0.0375
1 0.1484375 0.5770833333333333 0.1203125 0.04375
1 0.3296875 0.56875 0.1203125 0.04375
1 0.5015625 0.5625 0.11875 0.03958333333333333
1 0.6796875 0.5458333333333333 0.11875 0.03958333333333333
1 0.8484375 0.5333333333333333 0.1171875 0.0375
1 0.8546875 0.6958333333333333 0.11875 0.041666666666666664
1 0.690625 0.7041666666666667 0.1203125 0.04375
1 0.5140625 0.7104166666666667 0.1203125 0.03958333333333333
1 0.3359375 0.7270833333333333 0.121875 0.04583333333333333
1 0.15 0.7395833333333334 0.1234375 0.03958333333333333
1 0.1578125 0.9041666666666667 0.121875 0.0375
1 0.3359375 0.8916666666666667 0.1234375 0.03958333333333333
1 0.5140625 0.86875 0.121875 0.04791666666666667
1 0.69375 0.8708333333333333 0.121875 0.04791666666666667
1 0.8671875 0.86875 0.1203125 0.03958333333333333