0 0.146875 0.2604166666666667 0.1296875 0.11666666666666667
0 0.3109375 0.25833333333333336 0.1296875 0.11666666666666667
0 0.4734375 0.25 0.1328125 0.125
0 0.628125 0.24375 0.1296875 0.11875
0 0.778125 0.24166666666666667 0.1265625 0.11458333333333333
0 0.634375 0.38125 0.128125 0.11458333333333333
0 0.4765625 0.3854166666666667 0.128125 0.11875
0 0.3109375 0.39791666666666664 0.13125 0.11875
0 0.1484375 0.4083333333333333 0.1296875 0.11875
0 0.153125 0.5375 0.1296875 0.11666666666666667
0 0.3140625 0.5291666666666667 0.1328125 0.12083333333333333
0 0.478125 0.5229166666666667 0.128125 0.1125
0 0.6375 0.5104166666666666 0.128125 0.11458333333333333
0 0.7890625 0.49583333333333335 0.128125 0.11666666666666667
0 0.7875 0.6479166666666667 0.1265625 0.11875
0 0.7875 0.7854166666666667 0.1265625 0.11458333333333333
0 0.6421875 0.6520833333333333 0.1265625 0.1125
0 0.6296875 0.8 0.128125 0.11666666666666667
0 0.4765625 0.6625 0.1265625 0.11041666666666666
0 0.30625 0.6708333333333333 0.13125 0.11875
0 0.1515625 0.6833333333333333 0.1265625 0.11041666666666666
0 0.3125 0.8270833333333333 0.134375 0.12083333333333333
0 0.4671875 0.81875 0.1296875 0.11458333333333333
0 0.1515625 0.85 0.13125 0.11875
1 0.1484375 0.2833333333333333 0.1015625 0.03333333333333333
1 0.3125 0.2791666666666667 0.1015625 0.035416666666666666
1 0.475 0.27291666666666664 0.1 0.0375
1 0.6296875 0.26875 0.0984375 0.035416666666666666
1 0.7796875 0.26666666666666666 0.0984375 0.035416666666666666
0 0.7890625 0.37083333333333335 0.1296875 0.11666666666666667
1 0.7890625 0.39375 0.1 0.03958333333333333
1 0.6359375 0.4041666666666667 0.0984375 0.0375
1 0.4765625 0.41041666666666665 0.0984375 0.0375
1 0.3140625 0.42083333333333334 0.1 0.035416666666666666
1 0.15 0.43333333333333335 0.1 0.03125
1 0.153125 0.5604166666666667 0.1 0.03333333333333333
1 0.315625 0.5520833333333334 0.1015625 0.041666666666666664
1 0.4796875 0.54375 0.0984375 0.03125
1 0.6390625 0.5333333333333333 0.1 0.035416666666666666
1 0.7921875 0.51875 0.1 0.0375
1 0.7890625 0.6729166666666667 0.1015625 0.0375
1 0.6421875 0.675 0.1 0.03333333333333333
1 0.478125 0.6854166666666667 0.0984375 0.03333333333333333
1 0.3078125 0.69375 0.1 0.0375
1 0.1515625 0.70625 0.0984375 0.03125
1 0.153125 0.8708333333333333 0.1 0.0375
1 0.3125 0.85 0.1 0.0375
1 0.46875 0.8416666666666667 0.0984375 0.035416666666666666
1 0.6296875 0.8229166666666666 0.0984375 0.03958333333333333
1 0.7890625 0.8083333333333333 0.0984375 0.03333333333333333