0 0.15279191888104218 0.83125 0.17772756933854178 0.15625
0 0.3350777420193061 0.8458333333333333 0.17612870174736123 0.15416666666666667
0 0.5164368447928478 0.8520833333333333 0.1714775693385416 0.15625
0 0.69470731515757 0.8604166666666667 0.17151393692972228 0.15833333333333333
0 0.8682539179311117 0.8666666666666667 0.1683889369297223 0.15833333333333333
0 0.8709587310013893 0.7083333333333334 0.1683162017473613 0.15416666666666667
0 0.6926882606366671 0.7 0.1714775693385416 0.15625
0 0.5198501726807644 0.6895833333333333 0.1747116721120836 0.1625
0 0.34326948888517406 0.6885416666666667 0.1778730397032641 0.16458333333333333
0 0.1570228643601393 0.6708333333333333 0.17929006933854175 0.15625
0 0.1603270894745142 0.5020833333333333 0.184123039703264 0.16458333333333333
0 0.3458288315907295 0.521875 0.17780030452090284 0.16041666666666668
0 0.528750434364271 0.528125 0.1763105397032639 0.16458333333333333
0 0.7054584047289933 0.5364583333333334 0.17314917211208342 0.1625
0 0.8820209047289934 0.5364583333333334 0.17467530452090294 0.16041666666666668
0 0.8863609529816323 0.38229166666666664 0.16995143692972264 0.15833333333333333
0 0.7143768502080905 0.37604166666666666 0.1714412017473613 0.15416666666666667
0 0.5415387622521877 0.365625 0.17155030452090295 0.16041666666666668
0 0.34916942429628495 0.35520833333333335 0.1778730397032639 0.16458333333333333
0 0.15827166736243076 0.33958333333333335 0.1777639369297223 0.15833333333333333
0 0.16152134109003483 0.16770833333333332 0.17936280452090286 0.16041666666666668
0 0.3664452304327085 0.18125 0.17463893692972238 0.15833333333333333
0 0.5471685535709723 0.19583333333333333 0.1714412017473613 0.15416666666666667
0 0.7240219943004169 0.2125 0.16984233415618064 0.15208333333333332
0 0.9023288322563197 0.22291666666666668 0.1698787017473613 0.15416666666666667
1 0.1530640226045144 0.8020833333333334 0.1351750870059722 0.04583333333333333
1 0.33531347815159773 0.8145833333333333 0.13364895459715279 0.04791666666666667
1 0.5167089485163199 0.8229166666666666 0.1320864545971528 0.04791666666666667
1 0.6934169188810422 0.83125 0.13215918977951394 0.052083333333333336
1 0.8684896540634032 0.8354166666666667 0.13059668977951375 0.052083333333333336
1 0.8711944671336809 0.6770833333333334 0.13052395459715277 0.04791666666666667
1 0.6929603643601393 0.6708333333333333 0.13056032218833344 0.05
1 0.5201222764042365 0.6604166666666667 0.13215918977951394 0.052083333333333336
1 0.3419427250174657 0.6572916666666667 0.1353205573706945 0.05416666666666667
1 0.1588574680836115 0.6416666666666667 0.13677395459715283 0.04791666666666667
1 0.16217987699357667 0.4739583333333333 0.13681032218833336 0.05
1 0.3460645677230212 0.490625 0.13677395459715277 0.04791666666666667
1 0.5290225380877434 0.49895833333333334 0.13212282218833343 0.05
1 0.7057305084524655 0.5072916666666667 0.13212282218833343 0.05
1 0.8807305084524657 0.5072916666666667 0.12892508700597247 0.04583333333333333
1 0.8881955567051044 0.353125 0.12907055737069442 0.05416666666666667
1 0.7146853215227432 0.3489583333333333 0.13212282218833343 0.05
1 0.5433551821800696 0.33541666666666664 0.13215918977951394 0.052083333333333336
1 0.34944152801975714 0.3260416666666667 0.1353205573706945 0.05416666666666667
1 0.15850740349472242 0.30833333333333335 0.13681032218833336 0.05
1 0.16335594481350704 0.13854166666666667 0.13837282218833336 0.05
1 0.36668096656500004 0.15 0.13528418977951392 0.052083333333333336
1 0.5474406572944446 0.16666666666666666 0.1320864545971528 0.04791666666666667
1 0.7242577304327085 0.18125 0.1320864545971528 0.04791666666666667
1 0.9026009359797917 0.19375 0.12899782218833344 0.05