0 0.2125 0.16666666666666666 0.153125 0.13541666666666666
0 0.3765625 0.16666666666666666 0.1484375 0.13125
0 0.540625 0.17291666666666666 0.153125 0.15
0 0.715625 0.16041666666666668 0.1453125 0.13333333333333333
0 0.8703125 0.15625 0.15 0.14791666666666667
0 0.8703125 0.31666666666666665 0.1453125 0.13541666666666666
0 0.7078125 0.3229166666666667 0.15 0.1375
0 0.55 0.32708333333333334 0.1515625 0.13333333333333333
0 0.384375 0.33125 0.15 0.12916666666666668
0 0.21875 0.33958333333333335 0.15625 0.1375
0 0.215625 0.5020833333333333 0.1484375 0.13125
0 0.375 0.49583333333333335 0.153125 0.14166666666666666
0 0.5546875 0.49166666666666664 0.146875 0.12708333333333333
0 0.715625 0.48541666666666666 0.146875 0.13125
0 0.86875 0.475 0.14375 0.12708333333333333
0 0.875 0.64375 0.14375 0.13333333333333333
0 0.7234375 0.6479166666666667 0.14375 0.12916666666666668
0 0.8984375 0.7958333333333333 0.1453125 0.13333333333333333
0 0.7328125 0.80625 0.146875 0.13541666666666666
0 0.5703125 0.81875 0.146875 0.13333333333333333
0 0.559375 0.6541666666666667 0.1484375 0.13333333333333333
0 0.384375 0.6583333333333333 0.15 0.1375
0 0.2171875 0.6541666666666667 0.15 0.13125
0 0.21875 0.81875 0.15 0.13541666666666666
0 0.396875 0.8166666666666667 0.1515625 0.14166666666666666
1 0.2125 0.19375 0.11875 0.04791666666666667
1 0.3765625 0.19166666666666668 0.1171875 0.04375
1 0.715625 0.1875 0.121875 0.04583333333333333
1 0.8671875 0.18333333333333332 0.1140625 0.05625
1 0.86875 0.3416666666666667 0.1140625 0.04791666666666667
1 0.70625 0.35 0.1171875 0.04583333333333333
1 0.5515625 0.3541666666666667 0.115625 0.041666666666666664
1 0.384375 0.35833333333333334 0.1171875 0.03958333333333333
1 0.2203125 0.36666666666666664 0.11875 0.04375
1 0.215625 0.5291666666666667 0.11875 0.03958333333333333
1 0.3765625 0.5229166666666667 0.115625 0.04791666666666667
1 0.5546875 0.5166666666666667 0.1140625 0.0375
1 0.7171875 0.5104166666666666 0.1171875 0.041666666666666664
1 0.54375 0.2 0.115625 0.058333333333333334
1 0.86875 0.5020833333333333 0.1171875 0.04375
1 0.875 0.6708333333333333 0.115625 0.041666666666666664
1 0.7234375 0.6729166666666667 0.1140625 0.03958333333333333
1 0.559375 0.6791666666666667 0.115625 0.041666666666666664
1 0.3859375 0.6854166666666667 0.1171875 0.04583333333333333
1 0.2171875 0.68125 0.1171875 0.03958333333333333
1 0.21875 0.84375 0.11875 0.04375
1 0.3984375 0.84375 0.1171875 0.04791666666666667
1 0.5703125 0.8458333333333333 0.1171875 0.03958333333333333
1 0.7328125 0.8333333333333334 0.115625 0.04375
1 0.8984375 0.8208333333333333 0.1140625 0.04375