0 0.07700823859411245 0.5945204855437571 0.15158635771838497 0.16100531735880044
1 0.07917557505795916 0.5746560672739826 0.10835101087441493 0.07369710901133099
0 0.24241306270066948 0.6450693973445549 0.14996019072219058 0.15884923242235943
1 0.24692414916451622 0.6250958516701188 0.11160334486680368 0.07800927888421327
0 0.39129889026726766 0.6745435767795388 0.15490235870696817 0.1674008205650163
1 0.3943111437273087 0.652559449374877 0.10854201186299814 0.079947109011331
0 0.5397218028148377 0.6936374653494097 0.1532761917107738 0.16524473562857503
1 0.5442328892786845 0.6736639196749735 0.11010451186299797 0.08001986061443868
0 0.6815445468833387 0.7244806936650453 0.1515226907221905 0.15892198402546712
1 0.6838392173395741 0.7004496087286043 0.10835101087441501 0.07369710901133099
0 0.7105555676435854 0.5920666680153205 0.15002385771838506 0.16093256575569276
1 0.7151621546017237 0.5689681223408842 0.1099771778706092 0.07585319394777201
0 0.7380995888981235 0.4566003939687033 0.1514590237259963 0.1568386506921339
1 0.7426743423581648 0.4345435149609338 0.10666117688202607 0.0694576907415564
0 0.5862797623201086 0.4210217177399352 0.15314885771838505 0.16107806896190838
1 0.5908545157801498 0.3989648387321656 0.10841467787060921 0.07578044234466433
0 0.4398331852478021 0.3883134109002897 0.14827035672980174 0.15460981415258507
1 0.444376105209746 0.3672981985591868 0.10666117688202607 0.0694576907415564
0 0.2966389421678843 0.35129293418776186 0.1514590237259962 0.1568386506921339
1 0.3012455291260226 0.32819438851332566 0.10835101087441493 0.07369710901133099
0 0.13746953060889738 0.3264583068396455 0.15652852570316256 0.16955690550145733
1 0.14129486756703566 0.3033961369667632 0.1085420118629981 0.079947109011331
0 0.16389672083679635 0.17648145106280286 0.14996019072219058 0.1588492324223595
0 0.32284329790910293 0.20860774507758592 0.1498965237259961 0.15676589908902613
0 0.19362532460084864 0.05233464501057493 0.14712435079830274 0.10466929002114986
0 0.3421437376427103 0.07183198633117463 0.1532125247145794 0.14366397266234926
1 0.16694080779493464 0.15345565699147448 0.1082873438782205 0.0716137756779976
1 0.32898055136914406 0.18647811446670856 0.10828734387822055 0.07161377567799754
1 0.19926782954376449 0.020539007987266367 0.10771434091247101 0.041078015974532735
1 0.34987532460084864 0.038885555236537694 0.10847834486680377 0.07777111047307539
0 0.4663558759699926 0.23521155512344702 0.15496602570316256 0.1694841538983495
0 0.6140466180613273 0.27826377702665134 0.1564648587069682 0.167473572168124
0 0.7679555266545647 0.3220666591840911 0.15509335969555132 0.1736508205650163
0 0.6505663912930318 0.1298973691629413 0.1498965237259963 0.1567658990890261
0 0.7944463838786581 0.1700064700739152 0.1532761917107738 0.16524473562857503
0 0.5033703977188224 0.09618377145818303 0.1483340237259963 0.1566931474859183
1 0.47327437943003375 0.21304554871101578 0.11016817885919253 0.08210319394777207
1 0.5095076511788637 0.07405414084730572 0.10672484387822045 0.07154102407488978
1 0.6535786447530729 0.1079132417582796 0.10672484387822045 0.07154102407488978
1 0.6186532050194655 0.2551652313522152 0.10841467787060921 0.07578044234466433
1 0.7733115301146057 0.2999734043747677 0.10860567885919252 0.08203044234466432
1 0.7983353878329907 0.14486096686769956 0.10854201186299797 0.07994710901133092
0 0.5595169910655704 0.5564516159849984 0.1532761917107738 0.16524473562857503
1 0.5633104945256114 0.5344311127787827 0.10841467787060921 0.07578044234466433
0 0.40894132950658346 0.5312168548197891 0.14996019072219066 0.15884923242235943
1 0.4143291664647218 0.5080819333437989 0.10522601087441483 0.07355160580511526
0 0.27265100243427687 0.4980356625599428 0.15327619171077372 0.16524473562857503
1 0.2764763393924152 0.4749734926870605 0.11004084486680377 0.07793652728110535
0 0.10833117585626191 0.4630389991560371 0.15158635771838497 0.1610053173588007
1 0.11290592931630301 0.4409821201482676 0.10516234387822054 0.07146827247178204