0 0.8260974537441313 0.7687475286186121 0.15392639342673603 0.1401202084593521
0 0.6656684468102773 0.7794022911572692 0.15719686379145834 0.1485505220358334
0 0.4965547708984717 0.7949986913606024 0.1555252610179167 0.14225203191425942
0 0.33136552878225645 0.8096746502012041 0.1555252610179167 0.14225203191425942
0 0.16721210980430504 0.8097915207692594 0.15232752583555564 0.13798838500444457
0 0.15660387775607598 0.6562543547358799 0.15556162860909734 0.14433536524759277
0 0.3223925319163885 0.6520193076227319 0.15708776101791672 0.1423005220358334
0 0.4892715606017357 0.6301001722370375 0.15392639342673622 0.1401202084593521
0 0.6580397443973259 0.6342954387003711 0.15705139342673605 0.14021718870250008
0 0.832585802717951 0.6209520872558805 0.15861389342673604 0.14026567882407429
0 0.8424355410344442 0.45971195946963056 0.15875936379145833 0.14859901215740762
0 0.6624571003049997 0.4708022621552785 0.15875936379145833 0.14859901215740762
0 0.48954627716673577 0.4800274370546765 0.15708776101791672 0.14230052203583352
0 0.31102123366374973 0.49741622986189854 0.16024912860909737 0.14448083561231495
0 0.14268880775194412 0.5130368751260187 0.15705139342673619 0.1402171887025002
0 0.13536922986402758 0.3502216893357872 0.15875936379145844 0.14859901215740762
0 0.2973243692067012 0.3416987502520374 0.1603945989738195 0.15281416894564828
0 0.4757039423449651 0.33264329077814864 0.15872299620027785 0.1465156788240743
0 0.6550102358479511 0.3152787430317137 0.16199346656499997 0.1549459924005557
0 0.8398034631465275 0.2970422440441213 0.16032186379145835 0.1486475022789816
0 0.8301583190542013 0.13311265640486203 0.16192073138263902 0.15077932573388908
0 0.6524145255512153 0.1505256942728711 0.16195709897381966 0.15286265906722238
0 0.4761241292746874 0.17423722226245425 0.1652275693385418 0.1612929726437039
0 0.29632752650114574 0.17491085828143552 0.1652275693385418 0.1612929726437039
0 0.12114568854524292 0.17989663133180572 0.16188436379145843 0.1486959924005557
1 0.8273514824294785 0.7416884403460657 0.1195137194147918 0.047435249239629704
1 0.663761107904444 0.754329555974908 0.11965918977951392 0.055768582572963035
1 0.49855368199263844 0.7700471814821765 0.11958645459715278 0.05160191590629637
1 0.33098432228524255 0.7867337384737503 0.1179875870059723 0.049470092451388815
1 0.1668672708984717 0.7847672757084724 0.11791485182361114 0.045303425784722386
1 0.15785790644142322 0.6291952664633336 0.11958645459715278 0.05160191590629637
1 0.3204851930105551 0.6269465724403708 0.11955008700597229 0.04951858257296304
1 0.487400589287083 0.6029441037213431 0.11795121941479181 0.04738675911805548
1 0.6577312730826732 0.6071878603062508 0.12107621941479163 0.04748373936120392
1 0.8330585814032982 0.5938687539225472 0.1195137194147918 0.047435249239629704
1 0.8421270697197913 0.4326043810755102 0.12274782218833344 0.0537822294827779
1 0.6613673789903469 0.44367043870037115 0.12274782218833344 0.0537822294827779
1 0.4892378058520831 0.4529198586605561 0.1211125870059723 0.04956707269453726
1 0.3114576447579164 0.4724162298618985 0.1211125870059723 0.04956707269453726
1 0.1423439688461108 0.48801263006523166 0.11951371941479168 0.047435249239629704
1 0.13502439095819424 0.3251974442750002 0.12114895459715277 0.05165040602787059
1 0.29857839789204843 0.3146396619794911 0.12274782218833336 0.0537822294827779
1 0.4753954710303123 0.3055357123840283 0.1226750870059723 0.049615562816111236
1 0.653175632124479 0.2860393411826859 0.12434668977951376 0.05591405293768534
1 0.8394768080362847 0.2709763323166676 0.12580008700597212 0.049712543059259436
1 0.8298498477395485 0.10600507801074167 0.12420121941479181 0.047580719604352
1 0.652142421827743 0.1213347825454174 0.12580008700597212 0.04971254305925941
1 0.4742531579600346 0.14708115374675979 0.12438305737069441 0.05799738627101867
1 0.29445655518649294 0.14775478976574108 0.12438305737069451 0.05799738627101867
1 0.12083721723059018 0.15278905293768533 0.12267508700597225 0.049615562816111236