0 0.19873290710701333 0.923377244860034 0.19487870174736122 0.15324551027993205
0 0.3781119357923606 0.898887693984085 0.19400718597979177 0.19522869841028456
0 0.5556563607542355 0.844007308085414 0.1893196859797918 0.195192336973966
0 0.7300212343293397 0.7922276812291974 0.18935605357097246 0.19727567030729934
0 0.8973912254956247 0.7383101788851698 0.18310605357097245 0.19722718839220807
0 0.8766449272429858 0.5839617050369108 0.18615831838861113 0.19308476268308705
0 0.7022618698722913 0.6367829985597939 0.1893196859797918 0.195192336973966
0 0.532639047683958 0.6854739868523291 0.19255378875333343 0.20146657793151163
0 0.3605270051309023 0.7424801277600381 0.19575152393569456 0.20565748555572394
0 0.1768780505337495 0.7889786984102846 0.19716855357097235 0.1973362727011633
0 0.1524073402370135 0.6241832566984267 0.20200152393569457 0.20570596747081518
0 0.3368011772429858 0.5797740796209002 0.1972412887533334 0.2015029393678302
0 0.515145036000451 0.523858087294949 0.1941526563445141 0.2035620317436179
0 0.687929225779965 0.4731080066266263 0.19099128875333343 0.20145445745273882
0 0.8600958197197915 0.4129768657189171 0.1940799211621531 0.19939536507695124
0 0.8392949700803818 0.2617533918706581 0.18935605357097246 0.19727567030729934
0 0.6711800965052775 0.313581500641966 0.18928331838861112 0.1931090036406327
0 0.5015572743169442 0.362272488934501 0.19095492116215293 0.1993711241194055
0 0.3130753493550692 0.4170680314817622 0.19575152393569456 0.20565748555572394
0 0.12468434337114553 0.4666552406956901 0.19564242116215294 0.19940748555572393
0 0.10028636825677065 0.29769313231716565 0.19880378875333346 0.2015150598466029
0 0.30128647701423594 0.24195288693342037 0.19248105357097237 0.19729991126484497
0 0.48026611540697906 0.1943762881801889 0.1892833183886113 0.1931090036406327
0 0.654485518617361 0.15092999465730567 0.18768445079743062 0.19101354982852653
0 0.8280327746012848 0.10122764089503601 0.18768445079743046 0.19101354982852653
1 0.19337325988055498 0.918290810822225 0.13731946846486118 0.08022114831990237
1 0.3731705158644786 0.8686369389750468 0.13575696846486113 0.08020902784112943
1 0.5506785732351731 0.8158398864097091 0.13419446846486113 0.08019690736235674
1 0.7242621968102773 0.7640541993141061 0.1358297036472223 0.0843756945077961
1 0.8947753717721524 0.7091192712609574 0.13426720364722228 0.0843635740290234
1 0.8724847573151038 0.5537170102672591 0.1326319684648613 0.08018478688358405
1 0.698083516148819 0.6075799704568089 0.13423083605604164 0.08228024069569008
1 0.5276794439604857 0.6562648985099575 0.1358297036472223 0.0843756945077961
1 0.35400490140743013 0.7132589189388938 0.13902743882958335 0.08856660213200863
1 0.17426219681027727 0.7597877907860722 0.1389183360560417 0.08231660213200839
1 0.1497914865135413 0.5949923490742144 0.14051720364722228 0.08441205594411466
1 0.3318597573151038 0.5495233246118619 0.1389183360560418 0.08231660213200839
1 0.5109484984813886 0.49569672585863056 0.13579333605604163 0.08229236117446277
1 0.6837508720564929 0.44390497852364114 0.13579333605604163 0.08229236117446277
1 0.8543367822007288 0.38480338380382584 0.13103310087368064 0.07808933307147778
1 0.8366791163569095 0.2325624842464458 0.13274107123840295 0.0864347868835838
1 0.6677284413950346 0.2875095327783672 0.13579333605604163 0.08229236117446277
1 0.49817835438906233 0.3320338544042356 0.1358297036472223 0.08437569450779622
1 0.308115745631597 0.3878589431393907 0.13902743882958343 0.0885666021320084
1 0.1205241734432636 0.4364105459260382 0.14051720364722228 0.08441205594411466
1 0.09767051453329845 0.26850222469295326 0.14051720364722228 0.08441205594411466
1 0.2971444908819443 0.21066652549710188 0.13899107123840276 0.08648326879867518
1 0.4752883278879166 0.16620886650448402 0.13419446846486113 0.08019690736235668
1 0.6495440986894792 0.12067923964826746 0.13419446846486113 0.08019690736235668
1 0.8246174870822223 0.07307233969810395 0.1326683360560416 0.08226812021691716