0 0.13985380031799965 0.7868253661263617 0.14446705223856365 0.14397489267659486
0 0.3040767526019918 0.7552644902682625 0.14446705223856365 0.14397489267659486
0 0.4673137369981596 0.7289483235450505 0.1494821008590826 0.15252648081925174
0 0.6219569713943274 0.7030322906389314 0.14454893939369348 0.14605822600992818
0 0.7720355365231898 0.6742095125421358 0.14117827792830404 0.13966272280371256
0 0.621111523632891 0.5658232970513626 0.1428226650834338 0.14181880774015382
0 0.4632204585040286 0.5950098331636973 0.1429864393936935 0.1459854744068205
0 0.2970222484181203 0.6173048364264583 0.1461114393936933 0.14613097761303587
0 0.13390809475464716 0.6404960031496703 0.1445489393936934 0.14605822600992818
0 0.13195384837269178 0.5116567186969887 0.14446705223856365 0.14397489267659486
0 0.2928061391912947 0.4864913460451052 0.14775582654882308 0.14828706254947713
0 0.4576465671650274 0.45906076105211857 0.14274077792830403 0.1397354744068205
0 0.6167725836733707 0.4381348066700095 0.1428226650834338 0.1418188077401537
0 0.7695257694490195 0.42062485870033156 0.14290455223856355 0.14390214107348717
0 0.7598375881959265 0.270310708064743 0.14134205223856355 0.14382938947037924
0 0.7527011968569253 0.13443438755627207 0.14117827792830404 0.13966272280371256
0 0.6145284102221937 0.2968318980188818 0.14109639077317446 0.13757938947037923
0 0.5944383175037116 0.153240632803494 0.14290455223856355 0.14390214107348703
0 0.4482483129811558 0.32121023461497616 0.1410145036180447 0.1354960561370459
0 0.2779800785849881 0.3478537835521733 0.1461114393936934 0.146130977613036
0 0.12276031207664466 0.368597858926513 0.14101450361804463 0.1354960561370459
0 0.27626817164215456 0.193009208234379 0.14931832654882307 0.14835981415258495
0 0.4308704624607575 0.16813484199492656 0.14438516508343396 0.14189155934326153
0 0.11364534090945995 0.203700374957591 0.1461114393936934 0.146130977613036
1 0.14075455902442693 0.7639086994596951 0.10509029172311406 0.05480160580511514
1 0.3048956241532893 0.7344311569349292 0.10673467887824381 0.056957690741556634
1 0.46743324570458683 0.7060680326799377 0.10525406603337348 0.05896827247178204
1 0.6221583672558844 0.6780686664404852 0.10360967887824372 0.05681218753534078
1 0.7722369323847469 0.6492458883436896 0.10360967887824372 0.05681218753534078
0 0.7755909837187993 0.5440739308119102 0.14446705223856354 0.14397489267659486
1 0.7749292424252265 0.5212300157483514 0.10533595318850324 0.06105160580511537
1 0.6212310323393183 0.5429430061862498 0.10369156603337366 0.05889552086867411
1 0.4618593543655855 0.5701189605683591 0.10369156603337366 0.05889552086867411
1 0.2987452007021124 0.5933101272915711 0.10517217887824373 0.056884939138448706
1 0.1341094906162042 0.6155323789512243 0.1034459045679843 0.05264552086867411
1 0.13046991350155418 0.4898908461016505 0.10352779172311406 0.054728854202007446
1 0.2937068978977219 0.4635746793784385 0.10698034034363299 0.0632076907415564
1 0.4577251322938897 0.43722213685367256 0.10188340456798421 0.05257276926556642
1 0.617673342379798 0.41521814000334284 0.10517217887824373 0.056884939138448706
1 0.7712077781554467 0.39767181623211095 0.10525406603337348 0.05896827247178204
1 0.7600389840574835 0.24534708386629686 0.10681656603337367 0.059041024074889786
1 0.6130854189286211 0.27402435875687686 0.10352779172311415 0.054728854202007564
1 0.44914907168758306 0.2982935679483095 0.10196529172311415 0.054656102598899754
1 0.2780995872914153 0.32497349268706055 0.10525406603337358 0.05896827247178204
1 0.12131732078307193 0.34579031966450796 0.10188340456798431 0.05257276926556642
1 0.11446421246075747 0.18286704162425765 0.10525406603337358 0.05896827247178198
1 0.27482518034858183 0.17020166897237402 0.10525406603337348 0.05896827247178198
1 0.43098997116718474 0.14525455112981384 0.10360967887824372 0.056812187535340834
1 0.5929953262101388 0.13043309354148908 0.10377345318850324 0.06097885420200751
1 0.7528207055633525 0.11155409669115933 0.10196529172311415 0.0546561025988997