0 0.856675883112732 0.7952064105135221 0.16915119480442442 0.15259387025248353
0 0.6747673640380084 0.8074055776575814 0.16758869480442443 0.15256962847442282
0 0.48406054342115745 0.8041130745809736 0.16758869480442443 0.15256962847442282
0 0.3027423595737816 0.8017167875026691 0.17235801542127546 0.1588923538086045
0 0.12920940218745539 0.7971159582007282 0.17392051542127546 0.15891659558666524
0 0.12869911322722954 0.6387583830893343 0.17233074188232517 0.1568090204752714
0 0.30382184415250607 0.6454183039465479 0.17394778896022584 0.16099992891999856
0 0.4835229809219812 0.6436721661362464 0.16920574188232518 0.1567605369191502
0 0.6680616221556832 0.6533116363250964 0.1723034683433749 0.15472568714193785
0 0.8547258250777826 0.6462480771801888 0.17235801542127546 0.1588923538086045
0 0.8587803051922801 0.47844277673461316 0.17559210957707663 0.16727417069805905
0 0.6721570125786064 0.4886313358795207 0.17235801542127546 0.15889235380860461
0 0.4946768948838548 0.4809661110227313 0.17235801542127546 0.15889235380860461
0 0.3023939374975285 0.4766561830575176 0.17551028896022586 0.16102417069805916
0 0.12030814041962785 0.4753136835349101 0.1739205154212755 0.15891659558666524
0 0.11572796022569998 0.3045167128686676 0.17235801542127546 0.15889235380860461
0 0.30021205438150134 0.3099895163908509 0.17392051542127546 0.15891659558666524
0 0.4909052382288772 0.31224035280079193 0.17394778896022595 0.16099992891999856
0 0.6768700117678275 0.3114389145449147 0.1755648360381265 0.16519083736472584
0 0.862848422076253 0.3116791429557041 0.177154609577077 0.16729841247611976
0 0.8754966521907506 0.14374051273079516 0.18036143019392767 0.173596896032241
0 0.6847761948044244 0.13940634298752083 0.17871710957707698 0.1673226542541804
0 0.4956455109570486 0.13713126479951926 0.177154609577077 0.16729841247611976
0 0.3049796006486231 0.1369637617229116 0.17712733603812653 0.16521507914278644
0 0.11887845941492108 0.12734853331212218 0.1740023360381265 0.16516659558666522
1 0.8571025771063775 0.7681109562911586 0.13036933847375848 0.05409540091236262
1 0.6775514448011292 0.7813154274347934 0.12875229139585792 0.04990449246763547
1 0.48526848741480305 0.7770054994695798 0.12877956493480802 0.0519878258009688
1 0.3023878035674271 0.7746334541693358 0.12727161201270878 0.056130250689574744
1 0.13041734618110096 0.7700083830893344 0.1272443384737585 0.05404691735624141
1 0.12834455722087512 0.611675049756001 0.12877956493480816 0.051987825800968564
1 0.30112353814615167 0.6183713332803055 0.13042388555165924 0.05826206757902905
1 0.48470365137667654 0.6144812576915191 0.13036933847375848 0.05409540091236238
1 0.6692422926103785 0.6241207278803691 0.1319318384737585 0.0541196426904231
1 0.8567013823019529 0.6180867145130979 0.13354888555165942 0.05831055113515049
1 0.8592069991859258 0.45134732251224946 0.13360343262956 0.062477217801817156
1 0.6749001830333017 0.45941618565673287 0.13352161201270896 0.05622721780181716
1 0.49351381533855 0.45181156524509497 0.13039661201270897 0.05617873424569595
1 0.3012581314911741 0.44958497061321456 0.1334943384737585 0.054143884468483706
1 0.11992631087432311 0.44614701686824343 0.12883411201270886 0.05615449246763523
1 0.1153461306803952 0.27535004620200093 0.13036933847375848 0.0540954009123625
1 0.3006114748361966 0.28081072883515396 0.1319318384737585 0.0541196426904231
1 0.49208590868357244 0.2830494443560647 0.1334670649348082 0.05206055113515049
1 0.6796131822225228 0.2822237643221268 0.13508411201270895 0.05625145957987764
1 0.8655915925309483 0.2824639927329163 0.13513865909060954 0.06041812624654431
1 0.8758960726454458 0.11456172517509819 0.13672843262955964 0.06252570135793828
1 0.6835858417201693 0.10816846387655113 0.13352161201270896 0.05622721780181707
1 0.49604493141174383 0.1079524772438223 0.13664661201270895 0.056275701357938274
1 0.30381652110331836 0.10780921594527525 0.1350568384737585 0.05416812624654431
1 0.11927787986961631 0.09816974575642522 0.13352161201270887 0.056227217801817095