0 0.1421875 0.21666666666666667 0.1625 0.13958333333333334
0 0.3234375 0.19375 0.1609375 0.13958333333333334
0 0.5140625 0.1875 0.1609375 0.13958333333333334
0 0.6953125 0.17916666666666667 0.1640625 0.14583333333333334
0 0.86875 0.175 0.1671875 0.14375
0 0.8734375 0.3333333333333333 0.165625 0.14375
0 0.6984375 0.33541666666666664 0.165625 0.14791666666666667
0 0.51875 0.34791666666666665 0.1625 0.14375
0 0.334375 0.34791666666666665 0.165625 0.14166666666666666
0 0.1484375 0.3645833333333333 0.1640625 0.14583333333333334
0 0.1484375 0.5333333333333333 0.1671875 0.15416666666666667
0 0.334375 0.5125 0.1640625 0.14583333333333334
0 0.5125 0.5104166666666666 0.1640625 0.14583333333333334
0 0.7046875 0.5041666666666667 0.1671875 0.14583333333333334
0 0.8859375 0.49583333333333335 0.1671875 0.14375
0 0.8953125 0.6666666666666666 0.1640625 0.14583333333333334
0 0.7109375 0.6708333333333333 0.165625 0.14583333333333334
0 0.5203125 0.6791666666666667 0.165625 0.14791666666666667
0 0.334375 0.6895833333333333 0.1671875 0.15208333333333332
0 0.1484375 0.7 0.16875 0.15208333333333332
0 0.140625 0.86875 0.171875 0.15833333333333333
0 0.33125 0.8625 0.1703125 0.15208333333333332
0 0.5203125 0.8541666666666666 0.16875 0.15208333333333332
0 0.7109375 0.84375 0.16875 0.15
0 0.896875 0.84375 0.165625 0.15208333333333332
1 0.1421875 0.24375 0.128125 0.04375
1 0.321875 0.22083333333333333 0.1265625 0.03958333333333333
1 0.5140625 0.21458333333333332 0.1265625 0.041666666666666664
1 0.696875 0.20625 0.125 0.04583333333333333
1 0.86875 0.20208333333333334 0.125 0.04375
1 0.875 0.36041666666666666 0.1265625 0.041666666666666664
1 0.7015625 0.3625 0.128125 0.04791666666666667
1 0.51875 0.3770833333333333 0.128125 0.04375
1 0.334375 0.3770833333333333 0.1296875 0.04375
1 0.146875 0.39375 0.13125 0.04791666666666667
1 0.1484375 0.5604166666666667 0.13125 0.052083333333333336
1 0.3328125 0.5416666666666666 0.13125 0.04583333333333333
1 0.5140625 0.5395833333333333 0.128125 0.04583333333333333
1 0.70625 0.53125 0.13125 0.04375
1 0.8875 0.525 0.1265625 0.04583333333333333
1 0.896875 0.6958333333333333 0.128125 0.04375
1 0.7109375 0.7 0.1296875 0.04375
1 0.5203125 0.7083333333333334 0.13125 0.041666666666666664
1 0.3328125 0.71875 0.1328125 0.04583333333333333
1 0.146875 0.7291666666666666 0.1328125 0.05
1 0.140625 0.8979166666666667 0.134375 0.052083333333333336
1 0.3328125 0.89375 0.13125 0.04583333333333333
1 0.5203125 0.8833333333333333 0.134375 0.04583333333333333
1 0.7125 0.8729166666666667 0.1328125 0.04375
1 0.896875 0.8729166666666667 0.13125 0.04583333333333333