0 0.146875 0.15208333333333332 0.171875 0.14791666666666667
0 0.3296875 0.14583333333333334 0.1703125 0.14583333333333334
0 0.5109375 0.14791666666666667 0.165625 0.14791666666666667
0 0.6890625 0.14791666666666667 0.165625 0.15
0 0.8625 0.15 0.1625 0.15
0 0.8640625 0.30833333333333335 0.1625 0.14583333333333334
0 0.6859375 0.30833333333333335 0.165625 0.14791666666666667
0 0.5125 0.3104166666666667 0.1671875 0.15416666666666667
0 0.3359375 0.30416666666666664 0.1703125 0.15625
0 0.15 0.3125 0.1734375 0.14791666666666667
0 0.1515625 0.48125 0.1765625 0.15625
0 0.3375 0.4708333333333333 0.171875 0.15208333333333332
0 0.5203125 0.47291666666666665 0.16875 0.15625
0 0.696875 0.47291666666666665 0.165625 0.15416666666666667
0 0.8734375 0.48125 0.16875 0.15208333333333332
0 0.8765625 0.6354166666666666 0.1640625 0.15
0 0.7046875 0.6333333333333333 0.165625 0.14583333333333334
0 0.53125 0.6354166666666666 0.165625 0.15208333333333332
0 0.3390625 0.6375 0.1703125 0.15625
0 0.1484375 0.64375 0.171875 0.15
0 0.15 0.8166666666666667 0.1734375 0.15208333333333332
0 0.3546875 0.8125 0.16875 0.15
0 0.5359375 0.80625 0.165625 0.14583333333333334
0 0.7125 0.7979166666666667 0.1640625 0.14375
0 0.890625 0.7958333333333333 0.1640625 0.14583333333333334
1 0.146875 0.18125 0.1328125 0.03958333333333333
1 0.3296875 0.17708333333333334 0.13125 0.041666666666666664
1 0.5109375 0.17708333333333334 0.1296875 0.041666666666666664
1 0.6875 0.17708333333333334 0.1296875 0.04583333333333333
1 0.8625 0.18125 0.128125 0.04583333333333333
1 0.8640625 0.33958333333333335 0.128125 0.041666666666666664
1 0.6859375 0.3375 0.128125 0.04375
1 0.5125 0.33958333333333335 0.1296875 0.04583333333333333
1 0.334375 0.33541666666666664 0.1328125 0.04791666666666667
1 0.1515625 0.3416666666666667 0.134375 0.041666666666666664
1 0.153125 0.5104166666666666 0.134375 0.04375
1 0.3375 0.5020833333333333 0.134375 0.041666666666666664
1 0.5203125 0.5020833333333333 0.1296875 0.04375
1 0.696875 0.5020833333333333 0.1296875 0.04375
1 0.871875 0.5104166666666666 0.1265625 0.03958333333333333
1 0.878125 0.6645833333333333 0.1265625 0.04791666666666667
1 0.7046875 0.6604166666666667 0.1296875 0.04375
1 0.5328125 0.6666666666666666 0.1296875 0.04583333333333333
1 0.3390625 0.6666666666666666 0.1328125 0.04791666666666667
1 0.1484375 0.675 0.134375 0.04375
1 0.1515625 0.8458333333333333 0.1359375 0.04375
1 0.3546875 0.84375 0.1328125 0.04583333333333333
1 0.5359375 0.8354166666666667 0.1296875 0.041666666666666664
1 0.7125 0.8291666666666667 0.1296875 0.041666666666666664
1 0.890625 0.825 0.1265625 0.04375