0 0.1890625 0.20208333333333334 0.1453125 0.12291666666666666
0 0.3484375 0.22291666666666668 0.1453125 0.12083333333333333
0 0.18125 0.3416666666666667 0.146875 0.12708333333333333
0 0.16875 0.48125 0.146875 0.12916666666666668
0 0.3328125 0.50625 0.15 0.13333333333333333
0 0.1609375 0.65 0.15 0.13125
0 0.515625 0.2375 0.14375 0.12708333333333333
0 0.6640625 0.225 0.1453125 0.125
0 0.8234375 0.22708333333333333 0.15 0.125
0 0.8328125 0.35833333333333334 0.1515625 0.12291666666666666
0 0.8421875 0.4875 0.1578125 0.13333333333333333
0 0.671875 0.36875 0.1515625 0.12916666666666668
0 0.6734375 0.49375 0.1515625 0.12916666666666668
0 0.5109375 0.5020833333333333 0.1453125 0.12708333333333333
0 0.51875 0.36875 0.14375 0.12708333333333333
0 0.35 0.35625 0.1484375 0.12916666666666668
0 0.334375 0.6458333333333334 0.1515625 0.13333333333333333
0 0.5140625 0.6395833333333333 0.15 0.1375
0 0.671875 0.6333333333333333 0.1515625 0.13125
0 0.8578125 0.6270833333333333 0.159375 0.13958333333333334
0 0.8703125 0.7875 0.159375 0.14166666666666666
0 0.6765625 0.79375 0.1546875 0.1375
0 0.5125 0.7979166666666667 0.1546875 0.14583333333333334
0 0.3375 0.8020833333333334 0.153125 0.13541666666666666
0 0.153125 0.8145833333333333 0.153125 0.1375
1 0.1875 0.22708333333333333 0.1125 0.03958333333333333
1 0.3484375 0.24791666666666667 0.1125 0.035416666666666666
1 0.5171875 0.2604166666666667 0.1140625 0.03958333333333333
1 0.665625 0.24791666666666667 0.115625 0.03958333333333333
1 0.8265625 0.25 0.115625 0.04375
1 0.8359375 0.38333333333333336 0.115625 0.03958333333333333
1 0.675 0.39375 0.115625 0.04583333333333333
1 0.51875 0.39375 0.1140625 0.0375
1 0.35 0.38125 0.115625 0.041666666666666664
1 0.1828125 0.3645833333333333 0.1140625 0.0375
1 0.16875 0.5041666666666667 0.115625 0.03958333333333333
1 0.334375 0.53125 0.1171875 0.04375
1 0.5109375 0.525 0.115625 0.03958333333333333
1 0.6765625 0.51875 0.11875 0.041666666666666664
1 0.8453125 0.5125 0.1171875 0.04375
1 0.859375 0.6541666666666667 0.121875 0.04583333333333333
1 0.6734375 0.6604166666666667 0.11875 0.03958333333333333
1 0.5140625 0.6666666666666666 0.1171875 0.04375
1 0.3359375 0.6729166666666667 0.11875 0.03958333333333333
1 0.1609375 0.675 0.11875 0.03958333333333333
1 0.153125 0.8416666666666667 0.11875 0.041666666666666664
1 0.3375 0.83125 0.11875 0.041666666666666664
1 0.5109375 0.825 0.1203125 0.04791666666666667
1 0.678125 0.8208333333333333 0.1234375 0.041666666666666664
1 0.8734375 0.8145833333333333 0.1234375 0.04375