0 0.7529811578473447 0.12879509887148613 0.16724281094499088 0.1616650759802675
0 0.5973585996158872 0.1911489586184161 0.1671609237898611 0.1595817426469342
0 0.7766466299190405 0.2623526610621167 0.17053158525525056 0.1658559836044798
0 0.8057808519907365 0.39595264492845217 0.17061347241038013 0.16793931693781314
0 0.6467876322938897 0.46453226371783646 0.17398413387576941 0.17421355789535867
0 0.8329464603130509 0.5597549018887344 0.17390224672063964 0.17213022456202556
0 0.43400542853955953 0.2513588826381486 0.16740658525525037 0.16583174264693418
0 0.28602495194530786 0.2783445576335032 0.16732469810012063 0.16374840931360085
0 0.12871374095488847 0.3240135699956072 0.17209408525525038 0.16586810408325264
0 0.13449235018171407 0.455348413347017 0.17357469810012063 0.16379689122869198
0 0.14039379014123435 0.5835582566984266 0.18187852103089916 0.17635749362255618
0 0.2952594318189199 0.42116803551517834 0.1753828595655099 0.17005901170746493
0 0.3083968396662645 0.5442240876877324 0.1753828595655099 0.17005901170746493
0 0.4699861148810352 0.5090081034286135 0.1689690852552504 0.165843863125707
0 0.4461159249215149 0.3806588745713163 0.16740658525525037 0.16583174264693418
0 0.6117309588427128 0.3225504646030764 0.17217597241038013 0.16795143741658597
0 0.6609143300553261 0.6021837697024968 0.1755466338757694 0.17422567837413158
0 0.4826321997976013 0.6445641556011678 0.17571040818602893 0.17839234504079826
0 0.3256894810052658 0.6808581679632718 0.17546474672063966 0.17214234504079826
0 0.14107546359241124 0.7252734052801846 0.18524918249628844 0.18263173458010204
0 0.14805140264742034 0.8857930960164204 0.18533106965141816 0.18471506791343514
0 0.3405598072154046 0.8393551277600382 0.1803979081860289 0.1784287064771168
0 0.5031350503179997 0.7989368704069724 0.18072545680654778 0.18676203981045017
0 0.6767706241532894 0.7554784564053162 0.17719102103089918 0.17632113218623763
0 0.8603167865231898 0.7183488255156836 0.17883540818602875 0.1784165859983439
1 0.7575082055633524 0.15279585388052433 0.11840916327441171 0.07173024876252233
1 0.6002822037543302 0.21617925981534813 0.11824538896415202 0.06756358209585565
1 0.4354484198331322 0.27429373002297447 0.11997166327441171 0.07174236924129514
1 0.28668669323888063 0.30127334477894263 0.12153416327441154 0.07175448972006795
1 0.1278129822484612 0.3469302366622739 0.12326043758467105 0.07593327686550744
1 0.13429095432015706 0.4803544735864034 0.12153416327441154 0.07175448972006795
1 0.295017092379798 0.44721576242123134 0.12334232473980081 0.07801661019884065
1 0.4490804726375227 0.4046475091015817 0.11988977611928178 0.06965903590796169
1 0.6146545629811558 0.3475807658000084 0.12317855042954129 0.0738499435321741
1 0.7780896212126132 0.28528750844694256 0.11988977611928178 0.06965903590796169
1 0.808786343284309 0.41889961279205085 0.12153416327441136 0.07175448972006795
1 0.6481487364323326 0.4895504444359957 0.12482293758467104 0.07594539734428025
1 0.4722512997521727 0.5309073443861592 0.12153416327441154 0.07175448972006795
1 0.3081545002271426 0.5702718145937856 0.12474105042954128 0.07386206401094692
1 0.14015145070211246 0.6096059836044798 0.12482293758467108 0.07594539734428025
1 0.14317687415328934 0.7513393129043969 0.12967421189493056 0.08014842544726548
1 0.327749947988579 0.7079657422541508 0.12465916327441154 0.07177873067761359
1 0.4862961103584794 0.6706421837041528 0.12482293758467122 0.07594539734428025
1 0.6629747970386394 0.6292913439933757 0.1246591632744117 0.07177873067761359
1 0.8359110080290588 0.5837435364189999 0.12465916327441136 0.07177873067761359
1 0.8631585035065029 0.745462460045949 0.12474105042954128 0.07386206401094692
1 0.6803117039814728 0.7846814845083014 0.12474105042954128 0.07386206401094692
1 0.5075802108788777 0.8250209587493439 0.1281935990500603 0.08221963830182588
1 0.3418390241987178 0.8664566418115307 0.12951043758467104 0.07598175878059882
1 0.14776811963073358 0.9128824895891401 0.1311548247398008 0.07807721259270485