0 0.18956038274411563 0.7108423573626047 0.13928822930778512 0.12708479291321098
0 0.3385710928300239 0.7277286596116944 0.1359994549975257 0.1228696426904231
0 0.48219494007106184 0.7466134489709053 0.13608134215265544 0.12495297602375643
0 0.6209265694242756 0.760217179662601 0.13945200361804452 0.13125145957987763
0 0.759371593734535 0.7665292436876302 0.13780761646291478 0.12914388446848382
0 0.7752245658062309 0.633523174358115 0.14405761646291496 0.12924085158072623
0 0.6324229121427578 0.615692172554601 0.14249511646291496 0.12921660980266553
0 0.4952128392119793 0.601071016974299 0.14093261646291494 0.1291923680246048
0 0.3415965162812008 0.586195322724361 0.14249511646291485 0.12921660980266553
0 0.18695328188503302 0.5650575075853925 0.14093261646291486 0.12919236802460504
0 0.17776863240543136 0.4108423573626047 0.14578389077317438 0.1334317600254534
0 0.3451575282669884 0.43842410672605786 0.14586577792830405 0.13551509335878673
0 0.5011994883528967 0.4554194969764202 0.14241322930778502 0.12713327646933217
0 0.6453179805509806 0.46702474055799476 0.14085072930778503 0.1271090346912717
0 0.7895183599041942 0.4807133174729027 0.14093261646291477 0.1291923680246048
0 0.8010965897778061 0.33827164369823587 0.14265889077317412 0.13338327646933218
0 0.6535255489592032 0.3182845832272068 0.14265889077317445 0.13338327646933218
0 0.5083801452957302 0.3004172187566019 0.14611143939369348 0.14176509335878673
0 0.3441538709854707 0.29370516539357294 0.14430327792830414 0.13549085158072613
0 0.1734762008136541 0.26190826580733195 0.14775582654882316 0.14387266847018065
0 0.16191017978275496 0.0868355404731502 0.14931832654882315 0.14389691024824122
0 0.34948542288535 0.13138697872902744 0.14915455223856355 0.13973024358157457
0 0.5168776407731743 0.13918918231484423 0.14915455223856355 0.1397302435815746
0 0.6684334967206397 0.1810997263419945 0.1443851650834338 0.13757418491405946
0 0.8156393673674259 0.1719322410353872 0.14265889077317412 0.13338327646933218
1 0.19178462403768837 0.6879741742520591 0.10648901741285455 0.047457532463393196
1 0.34009597127872637 0.706931688945452 0.1065709045679843 0.04954086579672653
1 0.4820754313646347 0.7237089031932691 0.10320024310259512 0.04324238224060508
1 0.6216701978729781 0.7394080881073284 0.10665279172311397 0.05162419913005986
1 0.7592520850281078 0.7436246979099939 0.10180151741285463 0.04738480712921126
1 0.7751050570998036 0.6106186285804787 0.10320024310259512 0.04324238224060508
1 0.6345652662812007 0.5907406561107222 0.10665279172311415 0.05162419913005986
1 0.4950114433504222 0.5760831378633294 0.10657090456798421 0.04954086579672653
1 0.3422582575747735 0.5633028978357548 0.10320024310259504 0.04324238224060508
1 0.18675188602347598 0.5400696284744229 0.10468085594746528 0.04118329068533247
1 0.1784303736990041 0.3879499324739986 0.10648901741285455 0.04745753246339308
1 0.3434755195605611 0.4154953191703609 0.1065709045679843 0.04954086579672641
1 0.5033827860689046 0.4315096471992081 0.1048446302577247 0.045349957351999134
1 0.6475422218445532 0.4441565574474493 0.1064071302577247 0.04537419913005974
1 0.789398851197767 0.4578087716952663 0.10805151741285464 0.04748177424145368
1 0.8008951939162492 0.3132837645872662 0.10821529172311414 0.05164844090812035
1 0.6541054030976463 0.29330882500526734 0.10829717887824372 0.05373177424145368
1 0.510522499434173 0.2754657023127231 0.10846095318850324 0.057898440908120345
1 0.34395247512391364 0.2687172862826033 0.10969590456798431 0.04958934935284762
1 0.17565949852966195 0.23799841603011984 0.11002345318850333 0.05792268268618095
1 0.16397064676606815 0.05980069069593805 0.11306656603337358 0.05588783290896877
1 0.350846527023793 0.10642334139611834 0.11471095318850325 0.0579954080203627
1 0.5166762449116173 0.11420130320387452 0.11298467887824373 0.05380449957563546
1 0.6682321008590826 0.1561118472310248 0.11142217887824372 0.053780257797574824
1 0.8176998343507392 0.14489739125817505 0.10969590456798421 0.04958934935284762