0 0.1734375 0.2604166666666667 0.128125 0.1125
0 0.321875 0.2604166666666667 0.1265625 0.10833333333333334
0 0.465625 0.25625 0.1265625 0.11041666666666666
0 0.6046875 0.25833333333333336 0.128125 0.11666666666666667
0 0.7421875 0.26666666666666666 0.1265625 0.11458333333333333
0 0.75625 0.40208333333333335 0.1328125 0.11458333333333333
0 0.6140625 0.4041666666666667 0.13125 0.11458333333333333
0 0.4765625 0.4041666666666667 0.1296875 0.11458333333333333
0 0.3234375 0.40208333333333335 0.13125 0.11458333333333333
0 0.16875 0.40625 0.1296875 0.11458333333333333
0 0.1578125 0.5604166666666667 0.134375 0.11875
0 0.325 0.55 0.134375 0.12083333333333333
0 0.48125 0.55 0.13125 0.1125
0 0.625 0.5541666666666667 0.1296875 0.1125
0 0.76875 0.55625 0.1296875 0.11458333333333333
0 0.778125 0.7 0.13125 0.11875
0 0.63125 0.7041666666666667 0.13125 0.11875
0 0.4859375 0.70625 0.134375 0.12708333333333333
0 0.321875 0.6958333333333333 0.1328125 0.12083333333333333
0 0.1515625 0.7083333333333334 0.1359375 0.12916666666666668
0 0.1375 0.8833333333333333 0.1375 0.12916666666666668
0 0.325 0.8583333333333333 0.1375 0.125
0 0.4921875 0.86875 0.1375 0.125
0 0.64375 0.84375 0.1328125 0.12291666666666666
0 0.790625 0.86875 0.13125 0.11875
1 0.175 0.2833333333333333 0.103125 0.035416666666666666
1 0.3234375 0.28125 0.103125 0.0375
1 0.465625 0.2791666666666667 0.1 0.03333333333333333
1 0.6046875 0.2791666666666667 0.103125 0.03958333333333333
1 0.7421875 0.28958333333333336 0.0984375 0.0375
1 0.75625 0.425 0.1 0.03333333333333333
1 0.615625 0.42916666666666664 0.103125 0.03958333333333333
1 0.4765625 0.42916666666666664 0.103125 0.0375
1 0.3234375 0.425 0.1 0.03333333333333333
1 0.16875 0.43125 0.1015625 0.03125
1 0.1578125 0.5833333333333334 0.103125 0.035416666666666666
1 0.3234375 0.5729166666666666 0.103125 0.0375
1 0.4828125 0.575 0.1015625 0.035416666666666666
1 0.6265625 0.5770833333333333 0.103125 0.03333333333333333
1 0.76875 0.5791666666666667 0.1046875 0.035416666666666666
1 0.778125 0.725 0.1046875 0.03958333333333333
1 0.63125 0.7291666666666666 0.1046875 0.041666666666666664
1 0.4875 0.73125 0.1046875 0.04583333333333333
1 0.321875 0.7208333333333333 0.10625 0.0375
1 0.153125 0.7333333333333333 0.10625 0.04583333333333333
1 0.1390625 0.9104166666666667 0.109375 0.04375
1 0.3265625 0.8833333333333333 0.1109375 0.04583333333333333
1 0.4921875 0.89375 0.109375 0.041666666666666664
1 0.64375 0.86875 0.1078125 0.041666666666666664
1 0.7921875 0.8958333333333334 0.10625 0.0375