0 0.21014344155691228 0.7783424940932883 0.17446792093374794 0.17574982479039983
0 0.3741450283744978 0.821545984232244 0.16950740514873247 0.16924515680562233
0 0.5378735994070678 0.8584994743711996 0.176576452503779 0.188334714118659
0 0.7118872230563562 0.9156081390359124 0.1664734104104042 0.16878372192817512
0 0.8649058072431057 0.9337028821282239 0.1731784367187636 0.132594235743552
0 0.8776571652485531 0.8042160152574247 0.16656441567207594 0.17324204481577066
0 0.7157718152767879 0.7559315257775246 0.17134292093374803 0.1755800461338815
0 0.5586649705666946 0.7099850376157354 0.1727234104104042 0.171498268795474
0 0.3937001232257654 0.6625724361459835 0.17097889988706055 0.16724671280054818
0 0.22933451536149252 0.6110356126736946 0.17768392619541978 0.1780029367802515
0 0.23868785758192423 0.45046861728708265 0.16950740514873236 0.16924515680562233
0 0.39666695755368936 0.49854088344633485 0.1746499314570916 0.1799164914570665
0 0.5758308127871263 0.5498424888704194 0.16620039462538863 0.16490871148243733
0 0.7353724127588915 0.5979996443579307 0.16794490514873245 0.16916026747736293
0 0.8872380206231643 0.6488573532041464 0.16307539462538898 0.16473893282591898
0 0.9065656023202523 0.48467547178455245 0.1649109104104042 0.17107382215417802
0 0.755754260240995 0.4401102076024666 0.16472889988706055 0.16690715548751148
0 0.9287690130835925 0.3397953709986434 0.14246197383281506 0.17073426484114124
0 0.7763636208772782 0.2874291041803358 0.16812691567207594 0.17332693414402983
0 0.6157677551204974 0.23297950402869477 0.1680359104104042 0.17124360081069648
0 0.5923064102692299 0.3917408287943073 0.1695984104104042 0.17132849013895565
0 0.4186568076666289 0.3417780026857965 0.17134292093374803 0.1755800461338815
0 0.2516667287415511 0.3015297338903225 0.17106990514873238 0.1693300461338815
0 0.2648808183311469 0.140133295157692 0.17125191567207612 0.17349671280054815
0 0.442391168302912 0.18926667792018403 0.17308743145709168 0.17983160212880733
1 0.21291212578601418 0.7525130507472696 0.1266226841585148 0.07962292359914258
1 0.37622346786527155 0.7977574295554289 0.12322466837349921 0.07320314494262424
1 0.7138291546546223 0.8898820791362286 0.12809417889684288 0.07762447959406842
1 0.8646404967338797 0.9344473433183145 0.12220819994353035 0.08561825561436506
1 0.877346352108491 0.7792584599215544 0.1218441788968427 0.07728492228103173
1 0.7161512468750539 0.7289330817724504 0.12487817363517095 0.07537136760421674
1 0.5622149047957965 0.6841980389338462 0.12157116311182747 0.07103492228103174
1 0.39642330482403143 0.635701326133298 0.12304265785015538 0.06903647827595734
1 0.23283894695975849 0.5842069473251388 0.12487817363517104 0.07537136760421674
1 0.2406297891801902 0.4235550626102677 0.1246961631118273 0.07120470093755008
1 0.40021689178279124 0.4727538847644458 0.12340667889684287 0.0773698116092909
1 0.5778637496470641 0.5250122675269379 0.11982665258848364 0.06678336628610577
1 0.7390133522496651 0.574295979009375 0.1231336631118273 0.0711198116092909
1 0.5429860336361696 0.8327973650175696 0.1238617052052021 0.08778647827595758
1 0.8899612022214303 0.6219862431914609 0.12322466837349921 0.073203144942624
1 0.9085075339185185 0.45776191710773756 0.12157116311182747 0.07103492228103174
1 0.7570514497317687 0.4162792082615221 0.11991765785015555 0.06886669961943911
1 0.5943393471291677 0.36691060745082565 0.1215711631118273 0.07103492228103174
1 0.42216123926489485 0.3149493373372408 0.12487817363517095 0.07537136760421674
1 0.25365416297065296 0.2756578458801742 0.12304265785015547 0.06903647827595757
1 0.2669592578219206 0.11634474048087703 0.12487817363517104 0.07537136760421671
1 0.4459411025320139 0.16347967923829496 0.12496917889684286 0.07745470093755008
1 0.6177096867187635 0.20606594935187986 0.12304265785015538 0.06903647827595757
1 0.77835105510638 0.2615572161701875 0.12166216837349922 0.07311825561436501
1 0.9414244196536234 0.3172607063091431 0.11715116069275311 0.07303336628610589