0 0.7348411813187097 0.9064834556160004 0.16513890507947587 0.16666040397618148
0 0.5833803742398007 0.8370011456839701 0.1650843413771451 0.16457707064284838
0 0.7672395082678845 0.7742715702460267 0.1683730324841374 0.17094830826050847
0 0.8051065852170591 0.6422718507069586 0.16842759618646852 0.17303164159384204
0 0.6506844692451429 0.5664183031572677 0.17171628729346117 0.1794028792115024
0 0.8429835858500315 0.4800334884301421 0.17166172359113005 0.17731954587816928
0 0.42405250345856105 0.7692990750411219 0.16524803248413758 0.17082707064284813
0 0.2779141134400276 0.7354759070110792 0.1651934687818068 0.16874373730951503
0 0.12367304674247186 0.6825693355324702 0.16993553248413756 0.17100892706933876
0 0.13804805998931577 0.5517436671942819 0.17144346878180672 0.16898621254483573
0 0.1523412276826634 0.4240429988560936 0.17958335099579187 0.18178930658898704
0 0.2964954770496912 0.5933434523616332 0.1731696598887993 0.175296831353666
0 0.31768348548721176 0.47112390199651427 0.1731696598887993 0.175296831353666
0 0.4768848706964217 0.5137956632349474 0.16681053248413757 0.17088768945167843
0 0.4446229530030741 0.640799215271588 0.16524803248413758 0.17082707064284838
0 0.6063491374866448 0.7065088807943483 0.16999009618646851 0.1730922604026721
0 0.6738169235989794 0.4296760382676458 0.173278787293461 0.17946349802033268
0 0.49840026134792736 0.37907611286982845 0.1733879146981227 0.18363016468699936
0 0.34391365798988277 0.3355445413912194 0.17322422359113016 0.17738016468699935
0 0.1623015594411616 0.2826188074247479 0.18287204210278443 0.18816054420664752
0 0.1797842145206375 0.12271740063313825 0.18292660580511527 0.19024387753998084
0 0.3691542493670278 0.17802956197709438 0.1780754146981227 0.1838120211134901
0 0.5290004753204107 0.22593996595327592 0.17829366950744613 0.19214535444682343
0 0.6997023557202973 0.2773997015912692 0.17489585099579194 0.1816074501624963
0 0.8807241772271764 0.323003459486659 0.17651291469812272 0.18375140230465992
1 0.7409374138955146 0.882737288113573 0.11748016587924895 0.0753191251867714
1 0.587941388667771 0.8121526927060458 0.11737103847458741 0.07115245852010474
1 0.4269964541842005 0.7464733365877005 0.11904266587924912 0.07537974399560146
1 0.280076814165667 0.7126198591532428 0.12060516587924912 0.07544036280443175
1 0.12427324746811128 0.6596526688658035 0.12227679328391083 0.07966764827992848
1 0.13948407441728605 0.526773976598697 0.12060516587924912 0.07544036280443163
1 0.2979587733288269 0.5673320950993817 0.12233135698624169 0.0817509816132618
1 0.449156685579879 0.6169924289603301 0.11898810217691817 0.07329641066226814
1 0.610910151914615 0.6816604278164237 0.12222222958157988 0.07758431494659514
1 0.7701834589935238 0.7514458317926053 0.11898810217691817 0.07329641066226814
1 0.8096130359426986 0.6195067310623675 0.1206051658792493 0.07544036280443152
1 0.6536829836731132 0.5415092313705131 0.12383929328391083 0.07972826708875876
1 0.48058278957089573 0.49204190085260785 0.12060516587924912 0.07544036280443175
1 0.3191467817663474 0.44511254473426276 0.12378472958157997 0.07764493375542554
1 0.1538045239617991 0.398031641593842 0.12383929328391083 0.07972826708875876
1 0.16610860572029731 0.25669837837574166 0.12863592068857255 0.0840767901819163
1 0.34774798612018387 0.3085824456755466 0.12373016587924912 0.07556160042209221
1 0.503769807627063 0.35321630262965253 0.12383929328391083 0.07972826708875876
1 0.6776512517292805 0.4027139425519729 0.12373016587924912 0.07556160042209209
1 0.8475173184268364 0.45622670211888433 0.12373016587924894 0.07556160042209209
1 0.8853397553574777 0.29607167317540123 0.12378472958157971 0.07764493375542554
1 0.7051537475529293 0.2484148913510932 0.12378472958158007 0.07764493375542554
1 0.5351512715995463 0.2001104651175151 0.1271279843909035 0.08609950470641933
1 0.37220732749732893 0.15103715685700642 0.12852679328391084 0.07991012351524956
1 0.18127479265093863 0.09566437670422004 0.13014385698624165 0.08205407565741313