0 0.1597079014245611 0.7279044458887582 0.13384145407749282 0.12180463636243814
0 0.3239067937444291 0.7303361504357107 0.13384145407749282 0.12180463636243814
0 0.48665684633085393 0.7380125530345969 0.1371483105039836 0.13021069913297226
0 0.6415716668639673 0.7448291125598187 0.13388691818411544 0.12388796969577148
0 0.791685327130524 0.7465464329075086 0.13067098997087018 0.1196485735919038
0 0.6463835358268704 0.6071472889668165 0.1322334899708702 0.11968493831050418
0 0.4883891794003796 0.6024867922121289 0.13232441818411544 0.12385160497717086
0 0.3224231986007095 0.5907164523837769 0.13544941818411543 0.12392433441437187
0 0.1603861998543507 0.5798968674255905 0.13388691818411552 0.12388796969577148
0 0.16381742524374449 0.45058474188452197 0.13384145407749282 0.12180463636243814
0 0.32502770988348056 0.4593391758686753 0.13705738229073816 0.12604403246630558
0 0.48853628041659397 0.4659557294415946 0.13218802586424747 0.11760160497717086
0 0.6482522612162641 0.47787152814434836 0.1322334899708702 0.11968493831050431
0 0.800201206122557 0.49205248377343774 0.13227895407749274 0.12176827164383752
0 0.7968823263391013 0.33996915044010445 0.13076191818411545 0.12381524025857046
0 0.7962254453020042 0.20241460336220374 0.13067098997087 0.1196485735919038
0 0.6521919519659217 0.33604122024397964 0.13062552586424747 0.11756524025857047
0 0.6380265003957113 0.18837910660751617 0.13227895407749274 0.12176827164383765
0 0.48627143527287436 0.32635421374896106 0.13058006175762477 0.11548190692523713
0 0.3156861506331382 0.3178179680764105 0.13544941818411543 0.12392433441437187
0 0.1606349377801568 0.3047514085511887 0.13058006175762477 0.11548190692523713
0 0.3208700926364372 0.161367962124108 0.13861988229073816 0.1260803971849061
0 0.4750263952228619 0.16924437067529666 0.1337959899708702 0.11972130302910475
0 0.15934155925034232 0.13803019480662132 0.1354494181841155 0.12392433441437187
1 0.1607702962517116 0.7049514145034912 0.10233538981258557 0.037780373375696286
1 0.32501465267820234 0.7094664523837769 0.10238085391920819 0.03986370670902962
1 0.48771924115800436 0.7150595216493298 0.10086381802583091 0.04191067532376233
1 0.642588597584495 0.7197927478412183 0.09925585391920819 0.03979097727182837
1 0.7927022578510519 0.7215100681889081 0.09925585391920819 0.03979097727182837
0 0.8013665525199178 0.6170888484920383 0.13384145407749273 0.12180463636243814
1 0.8008664473470682 0.5941721818253716 0.10090928213245362 0.043994008657095664
1 0.6474459306540208 0.5841942575815493 0.0993013180258309 0.04187431060516194
1 0.4886248601209074 0.5774686098528287 0.0993013180258309 0.04187431060516194
1 0.32582934342785996 0.5677088739206091 0.10081835391920828 0.039827341990429
1 0.16140313057487854 0.55486050270699 0.1007274257059629 0.03566067532376233
1 0.163317320070895 0.4276680752178554 0.10077288981258556 0.037744008657095665
1 0.32609010471063105 0.43638614448340823 0.10251724623907635 0.04611370670902938
1 0.49042538935036717 0.44506784903036056 0.09916492570596294 0.03562431060516194
1 0.6500959060434146 0.45490031439978107 0.1008183539192082 0.039827341990429
1 0.8028488330030188 0.4701047543362369 0.10086381802583091 0.04191067532376233
1 0.798680507059629 0.3149146033622037 0.10242631802583091 0.04194704004236283
1 0.6516918467930722 0.313124553577313 0.10077288981258548 0.037744008657095665
1 0.4873338301000249 0.3034011823636939 0.09921038981258548 0.037707643938495274
1 0.3167485454602888 0.2948649366911434 0.10086381802583091 0.04191067532376233
1 0.16091608260730733 0.2818165595252218 0.09916492570596284 0.03562431060516194
1 0.1604494181841155 0.11716049675468755 0.10086381802583096 0.04191067532376233
1 0.3203699874635877 0.13845129545744134 0.10086381802583091 0.04191067532376233
1 0.47687004005001243 0.14627315693072931 0.09925585391920819 0.03979097727182855
1 0.6375263952228619 0.1654624399408495 0.09934678213245363 0.04395764393849522
1 0.797310572182466 0.1805032386436033 0.09921038981258548 0.03770764393849522