0 0.125 0.27291666666666664 0.1296875 0.11666666666666667
1 0.1234375 0.29375 0.103125 0.0375
0 0.2984375 0.2708333333333333 0.128125 0.11458333333333333
1 0.2984375 0.2916666666666667 0.1046875 0.03958333333333333
0 0.45 0.2833333333333333 0.13125 0.12083333333333333
1 0.4484375 0.30625 0.1015625 0.04375
0 0.6 0.30625 0.13125 0.11875
1 0.6 0.32708333333333334 0.103125 0.04375
0 0.7453125 0.31666666666666665 0.1296875 0.11458333333333333
1 0.7421875 0.33958333333333335 0.103125 0.0375
0 0.7453125 0.45208333333333334 0.128125 0.11666666666666667
1 0.7453125 0.475 0.103125 0.03958333333333333
0 0.74375 0.5895833333333333 0.1296875 0.1125
1 0.74375 0.6125 0.1015625 0.03333333333333333
0 0.5875 0.58125 0.13125 0.11458333333333333
1 0.5875 0.6041666666666666 0.1015625 0.03958333333333333
0 0.4375 0.5729166666666666 0.128125 0.11041666666666666
1 0.4375 0.59375 0.1015625 0.03333333333333333
0 0.2890625 0.56875 0.1296875 0.1125
1 0.2890625 0.5916666666666667 0.103125 0.0375
0 0.128125 0.5479166666666667 0.1328125 0.12291666666666666
1 0.1265625 0.5708333333333333 0.1015625 0.04375
0 0.121875 0.7 0.128125 0.11458333333333333
0 0.284375 0.7125 0.128125 0.1125
0 0.1203125 0.8520833333333333 0.1265625 0.1125
0 0.2734375 0.8604166666666667 0.1296875 0.12083333333333333
1 0.1203125 0.7229166666666667 0.103125 0.035416666666666666
1 0.2859375 0.7354166666666667 0.103125 0.035416666666666666
1 0.121875 0.875 0.103125 0.0375
1 0.275 0.8833333333333333 0.1015625 0.041666666666666664
0 0.43125 0.7270833333333333 0.13125 0.12291666666666666
0 0.584375 0.7270833333333333 0.134375 0.12083333333333333
0 0.7453125 0.7270833333333333 0.13125 0.12708333333333333
0 0.5890625 0.8791666666666667 0.128125 0.1125
0 0.7390625 0.88125 0.1296875 0.12083333333333333
0 0.4375 0.8708333333333333 0.1265625 0.1125
1 0.4328125 0.75 0.103125 0.04583333333333333
1 0.4390625 0.89375 0.1015625 0.035416666666666666
1 0.5875 0.9020833333333333 0.1015625 0.035416666666666666
1 0.584375 0.75 0.1015625 0.03958333333333333
1 0.7453125 0.75 0.1015625 0.04583333333333333
1 0.7375 0.90625 0.1015625 0.04375
0 0.590625 0.44375 0.1296875 0.12083333333333333
1 0.5890625 0.4666666666666667 0.1015625 0.03958333333333333
0 0.4375 0.4270833333333333 0.128125 0.11458333333333333
1 0.4375 0.45 0.1 0.0375
0 0.296875 0.42083333333333334 0.13125 0.11875
1 0.2953125 0.44375 0.103125 0.041666666666666664
0 0.128125 0.4083333333333333 0.1296875 0.11666666666666667
1 0.128125 0.43125 0.1 0.035416666666666666