0 0.11581600607526779 0.3312642782617951 0.1426637043538365 0.14289507398589146
1 0.11636164309857633 0.3520976115951285 0.10766865626060226 0.05828874566712313
0 0.2868998323914703 0.2943878759571353 0.14104664065150557 0.14075112184372784
1 0.2897892194147789 0.31513028107722313 0.10928571996293304 0.06043269780928663
0 0.4381349501774852 0.27600785150060175 0.14433533175849825 0.14712235946138844
1 0.4395164009031246 0.29889420876285333 0.10626984736759475 0.06447812685829284
0 0.5888889183263198 0.2691164697818168 0.1442807680561673 0.14503902612805508
1 0.5917783053496283 0.28985887490190476 0.10783234736759476 0.06453874566712313
0 0.7338467542611692 0.2499372538939377 0.1426091406515056 0.14081174065255814
1 0.7336657049868087 0.27288422996501954 0.1076686562606021 0.05828874566712301
0 0.7498661130615095 0.38382730342329574 0.14110120435383652 0.14283445517706117
1 0.7528100637871489 0.4066530418767171 0.10772321996293303 0.060372079000456345
0 0.7643775355641805 0.5198613050948174 0.1425545769491748 0.1387284073192248
1 0.7673214862898199 0.5426870435482388 0.10443452885594055 0.05400084138279577
0 0.6093725770339928 0.5436012099067598 0.1441716406515056 0.14087235946138843
1 0.6115352777596321 0.5664572577645963 0.10616071996293322 0.06031146019162605
0 0.45978180480147424 0.5650456155544629 0.14093751324684406 0.13658445517706116
1 0.4626711918247827 0.5857880206745509 0.10443452885594055 0.054000841382796004
0 0.31264390997361735 0.5905657596555874 0.1425545769491748 0.1387284073192248
1 0.31558786069925676 0.6133914981090087 0.10766865626060226 0.05828874566712301
0 0.1510888510806099 0.6030898063695175 0.14751489546082905 0.1493269304123821
1 0.15247030180624932 0.625976163631769 0.10626984736759479 0.06447812685829296
0 0.16288450135076238 0.7548700456586995 0.14104664065150563 0.14075112184372784
0 0.32500255543444634 0.733982356207021 0.14099207694917482 0.13866778851039452
0 0.17934036976974943 0.9054267618547243 0.13937501324684393 0.13652383636823112
0 0.33124761015110255 0.882849761327109 0.14277283175849825 0.14706174065255814
1 0.16426595207640177 0.7777564029209512 0.10761409255827141 0.05620541233378968
1 0.32950900616008577 0.7567474758516123 0.10761409255827133 0.05620541233378968
1 0.1830382886442234 0.9271805242370638 0.10766865626060226 0.05828874566712301
1 0.33572677902557657 0.9045732143050335 0.10621528366526398 0.062394793524959385
0 0.47163201877395755 0.7189091881769784 0.145952395460829 0.14926631160355205
0 0.6233210043459873 0.6879988543160299 0.14746033175849824 0.147243597079049
0 0.7820139580668515 0.6557740691486785 0.1460615228654909 0.1534329782702187
0 0.6459995909138089 0.837271428610067 0.14099207694917482 0.13866778851039452
0 0.7938641720393349 0.809637641771194 0.14277283175849825 0.14706174065255814
0 0.4948736005324557 0.8598181197332672 0.13937501324684404 0.1365238363682309
1 0.476138469499597 0.7416743078215695 0.10788691106992569 0.06662207900045634
1 0.4993800512580952 0.8825832393778581 0.10605159255827132 0.05614479352495939
1 0.6465997916394484 0.8601880952767336 0.10605159255827132 0.05614479352495939
1 0.6254837050716266 0.7108549021738663 0.10616071996293322 0.06031146019162605
1 0.784957908792491 0.6785998076020999 0.10632441106992552 0.06656146019162605
1 0.7953001864673052 0.8346073323667789 0.10626984736759475 0.06447812685829273
0 0.5963963726801562 0.4064649227597412 0.14277283175849825 0.14706174065255814
1 0.5969965734057958 0.42938158942640786 0.10616071996293322 0.06031146019162617
0 0.44270837748947967 0.42076920876285334 0.14104664065150557 0.14075112184372796
1 0.44565232821511913 0.4435949472162747 0.10454365626060227 0.05816750804946267
0 0.30330113710812656 0.44286125881982663 0.1442807680561673 0.14503902612805508
1 0.30390133783376594 0.46577792548649327 0.10777778366526398 0.062455412333789796
0 0.13496036487560797 0.46503309017349276 0.1426637043538365 0.14289507398589146
1 0.13790431560124738 0.487858828626914 0.10448909255827141 0.05608417471612934