0 0.1527896984757484 0.2883069055014574 0.15688632513557327 0.15310849364411408
0 0.3128277738077133 0.2686806114866743 0.16004768657189175 0.16158733018366303
0 0.47987437324197924 0.24417336635254308 0.15845791549465282 0.15526457858055528
0 0.643800517855785 0.2205622846788629 0.15845791549465282 0.15526457858055523
0 0.8070090449831481 0.21149816053696213 0.15531473477649343 0.15095240870767293
0 0.8272038911959602 0.36449088890914305 0.1584670058537327 0.15734791191388856
0 0.6624510447867563 0.3776489281146027 0.16002041549465282 0.15533733018366316
0 0.4969942164297293 0.40847892485184173 0.1568863251355733 0.15310849364411408
0 0.3290845537637468 0.41419979418441905 0.1600113251355733 0.1532539968503297
0 0.15499761397040127 0.4362963237712318 0.16157382513557325 0.1533267484534375
0 0.15570211679907162 0.5977546571045651 0.16161018657189175 0.16166008178677085
0 0.333699851771957 0.5768816731921886 0.16161018657189175 0.16166008178677085
0 0.5062424722834618 0.5588790586689346 0.16002041549465282 0.15533733018366316
0 0.6826504361791083 0.5316833231534502 0.16315450585373253 0.1575661667232121
0 0.8496970356133742 0.5071760780193191 0.1600113251355733 0.1532539968503297
0 0.8675890384420445 0.6694346789868383 0.16161018657189175 0.16166008178677085
0 0.705979372751 0.6869048880651801 0.16475336729005097 0.16597225165965312
0 0.528753797419035 0.7057309144457773 0.16160109621281205 0.1595767484534375
0 0.3507833335233885 0.7328538983581538 0.16632495764913066 0.16812833659609414
0 0.168125369627742 0.7597586274612069 0.1631726865718917 0.16173283338987876
0 0.18758896281549198 0.9211144271010038 0.16474427693097132 0.15777114579799256
0 0.3639969267111384 0.8969775778496829 0.16631586729005096 0.1660450032627608
0 0.5388151195295461 0.8634590907310908 0.16947722872636942 0.17452383980231
0 0.7176395562978295 0.8530391492869349 0.16947722872636942 0.17452383980231
0 0.8917628575274936 0.8392759530334554 0.16473518657189173 0.16180558499298645
1 0.15290787314378343 0.31539023883479067 0.11896816861791079 0.055529121836193455
1 0.31606185811666876 0.29382611469288994 0.12056703005422928 0.06393520677263448
1 0.47998345755093474 0.2691733663525431 0.11898634933607007 0.05969578850286013
1 0.6454630118056608 0.2435517029486374 0.11741475897699054 0.05753970356641887
1 0.8086806292921036 0.23657091214006995 0.11739657825883114 0.053373036899752195
1 0.8273220658639951 0.3915742222424764 0.11898634933607007 0.05969578850286001
1 0.6656851290957118 0.4027944313208183 0.11897725897699055 0.057612455169526795
1 0.5010186410977643 0.4357441371929446 0.11740566861791084 0.055456370233085535
1 0.3307652284317818 0.4413558791208602 0.12053975897699046 0.05768520677263448
1 0.15745953863843626 0.4634887845092269 0.11896816861791085 0.055529121836193455
1 0.15738279146710665 0.6249107420410063 0.12369203005422928 0.0640807099788501
1 0.33772427643999203 0.6041468855332914 0.12369203005422928 0.0640807099788501
1 0.5079231469514969 0.5860351436053758 0.12054884933607006 0.05976854010596781
1 0.6843220204880637 0.5567560747565581 0.12054884933607006 0.05976854010596781
1 0.8513686199223297 0.5322488296224268 0.11896816861791067 0.055529121836193455
1 0.869260622751 0.694507430589946 0.12055793969514958 0.061851873439301146
1 0.706097547419035 0.7139882213985135 0.12369203005422928 0.06408070997885033
1 0.53121572208707 0.7329233751837724 0.12211134933607007 0.059841291709075504
1 0.3548123033709633 0.7611607773659235 0.1252636204133089 0.06623679491529136
1 0.17058729429577704 0.7869510881992021 0.12523634933607006 0.05998679491529136
1 0.18926963748352704 0.9513293983016086 0.12366475897699045 0.057830709978850335
1 0.36646794173825314 0.9262533719210114 0.12523634933607006 0.05998679491529136
1 0.5420582941975811 0.8906879272706398 0.1252727107723885 0.0683201282486247
1 0.7208827309658646 0.8802679858264838 0.1252727107723885 0.0683201282486247
1 0.8934435321955286 0.8664320379698965 0.12211134933607007 0.05984129170907574