0 0.7697502510160528 0.9113936356884788 0.1771091338757694 0.17555902047527117
0 0.6071750079134578 0.867230065881571 0.17061347241038013 0.169212053363029
0 0.4451353533454735 0.8168286169636936 0.17916295680654795 0.18808326225333188
0 0.27042860244096234 0.781846112932301 0.16913285956550989 0.17127114491830184
0 0.11669277080375653 0.7440658729047266 0.1759560696514182 0.18595144536387737
0 0.1331665405914603 0.5871257120199385 0.16921474672063966 0.17335447825163494
0 0.29471487222866605 0.625027160937816 0.17398413387576941 0.1755105369191502
0 0.4523978974434367 0.6639096720772085 0.1738203595655099 0.17134387025248354
0 0.6163718662357722 0.7039308169955103 0.17209408525525038 0.16715296180775616
0 0.781785504295413 0.7408512036918725 0.18031602103089917 0.17769083736472596
0 0.8020836369279871 0.5818883139189026 0.17061347241038013 0.169212053363029
0 0.6429199988683463 0.5450648943347827 0.17727290818602875 0.17972568714193807
0 0.46471975576575125 0.5006589067472691 0.16888719810012062 0.16502114491830172
0 0.3039936177061103 0.46381124538508856 0.16905097241038014 0.1691878115849684
0 0.15128469753429377 0.4322931262465443 0.16568031094499086 0.16288932802884706
0 0.16270247512391361 0.2659052400275745 0.16748847241038015 0.16916356980690778
0 0.3132723631835545 0.3025953298323611 0.16576219810012063 0.16497266136218053
0 0.1558206320667471 0.11068478580521086 0.16913285956550989 0.17127114491830167
0 0.32115238297125825 0.1455218391682398 0.17077724672063965 0.1733787200296956
0 0.4831953595655099 0.1761437423084809 0.16913285956550989 0.17127114491830167
0 0.47716444482076026 0.34053314141732943 0.1706953595655099 0.17129538669636232
0 0.6506362443457905 0.38382473700399466 0.17398413387576941 0.1755105369191502
0 0.8165412053362099 0.433245123700357 0.17217597241038013 0.16923629514108948
0 0.8320290072360892 0.27108450859320526 0.17390224672063964 0.17342720358581676
0 0.6553503205559293 0.2256610961170855 0.17571040818602893 0.17970144536387736
1 0.7726329115769308 0.8854125734669636 0.1264673247398008 0.0789984338001202
1 0.6101395556294656 0.8433323369933893 0.12474105042954128 0.07480752535539305
1 0.27331126300184044 0.7558650507107859 0.12951043758467104 0.07696358402290808
1 0.12274137494219953 0.7191749609059992 0.12358798620519007 0.085199950243999
1 0.13769358830746814 0.5632522249098172 0.1217798247398008 0.07892570846593851
1 0.2991600327895442 0.5990703404943614 0.12482293758467104 0.07689085868872639
1 0.4528958644267499 0.6368505805219359 0.12153416327441154 0.07267570846593827
1 0.6192545267966503 0.677949754773995 0.12301477611928177 0.07061661691066566
1 0.7830647212787264 0.7138042330256301 0.12630355042954128 0.07483176713345353
1 0.8049662974888653 0.5559072516973874 0.12457727611928178 0.07064085868872638
1 0.6442401594292243 0.5190595903352069 0.12334232473980081 0.07894995024399899
1 0.46690305348175903 0.4767490569700569 0.11980788896415202 0.06848480002121111
1 0.30535472184455326 0.4388476080521794 0.12309666327441153 0.07269995024399899
1 0.4448520703287867 0.7897574045193906 0.12531426051544958 0.08939085868872639
1 0.15416735809517185 0.4063120640250292 0.12474105042954128 0.07480752535539294
1 0.16554419210722685 0.23888251113939266 0.12153416327441154 0.07267570846593839
1 0.3161959673219975 0.2776559342775126 0.11988977611928178 0.07056813335454445
1 0.47934774253676815 0.3166232916401173 0.12153416327441154 0.07267570846593839
1 0.6519154613291037 0.35677776633775227 0.12482293758467104 0.07689085868872626
1 0.819382922319523 0.40622239481217515 0.12301477611928177 0.07061661691066566
1 0.8342123049520971 0.2471746588159931 0.12630355042954128 0.07483176713345353
1 0.6566295375392425 0.1986141254508431 0.1249048247398008 0.0789741920220596
1 0.486078020126388 0.1501626800869657 0.12301477611928177 0.07061661691066566
1 0.32399409995457146 0.11849911028005794 0.12317855042954129 0.07478328357733233
1 0.15796298620519006 0.08573326936133203 0.1216160504295413 0.07475904179927172