0 0.1922205020285949 0.12056547114405945 0.2719410040571898 0.2411309422881189
1 0.19393696063273708 0.06497351034951908 0.199719356330666 0.10715612026135826
0 0.25537248173276017 0.816739374113628 0.27851828652459387 0.2815542821469743
1 0.260967916797952 0.7664483677011967 0.204488676947517 0.11362437507068156
0 0.7950609042193456 0.24231797969256202 0.2787364748361966 0.2982209488136408
1 0.7999569099013885 0.19831334908168471 0.20777731818121908 0.12626987827689728
0 0.6712138956946336 0.6347783202822895 0.3124490016215578 0.36849873247890486
1 0.6788588003210163 0.6813259380683044 0.21333757142762994 0.19315479975288738
0 0.8697213538917387 0.8100229940922596 0.24923988960884885 0.31142200168792583
0 0.45047292735125877 0.49288021138404925 0.2820172077900681 0.42954370041674866
0 0.17223487905554213 0.5569080392054596 0.30693538717321694 0.42445772606647364
1 0.4243643948838548 0.46908061283532815 0.15206488068039511 0.283994735628575
1 0.15149963920181186 0.5255621433791944 0.18449555113509047 0.2563558526271725
1 0.8881577081938097 0.7851916415216326 0.20544325081077872 0.18654104173734823