0 0.3310775678370367 0.8233316960534521 0.25124179451244927 0.31826808359854347
0 0.6118571309770988 0.8472771787078164 0.25427578925077726 0.3054456425843673
0 0.6484485364081799 0.6179815610014494 0.24842063140062187 0.2536847502652101
0 0.19584020492285342 0.47979841247611976 0.24424834186749583 0.33689687470824053
0 0.7267353471997549 0.24757318857411523 0.17284377872743378 0.31080599469551384
0 0.5207051550781452 0.2672778196477533 0.15943372611071513 0.2897787271376958
0 0.3647057840596927 0.21697333784211825 0.22090184712916772 0.3386165813706649
0 0.4377924864928845 0.4960437671864814 0.25062016823232475 0.268292325376604
0 0.812723139010781 0.661127705919751 0.23352367349399686 0.27010899915127073
1 0.3503435073278104 0.7996885058349065 0.14908848933548208 0.1959317600254534
1 0.6280435730987085 0.830020967218298 0.15368498407380998 0.19392115202630197
1 0.21602390230613494 0.4592923431466044 0.13758954721387226 0.21865449246763521
1 0.43152707594130596 0.5313392249628451 0.17430132096198286 0.12970144536387734
1 0.6517709574831022 0.5868042863356311 0.17549979991529535 0.12139235380860451
1 0.6973208629847705 0.25336259479096396 0.06984060509226264 0.24050452089963587
1 0.5501196392931297 0.2614884134309046 0.06349959983059072 0.23832422045406018
1 0.336542986704646 0.19779910672605788 0.11662459983059073 0.23914844090812035
1 0.8080510495623596 0.6256625556969632 0.13496580517696727 0.12284540091236261