0 0.1546875 0.29791666666666666 0.209375 0.18958333333333333
0 0.4296875 0.22083333333333333 0.2046875 0.16666666666666666
0 0.684375 0.2 0.1984375 0.14791666666666667
0 0.7640625 0.41875 0.2265625 0.24791666666666667
0 0.8859375 0.6229166666666667 0.2265625 0.25416666666666665
0 0.584375 0.71875 0.25625 0.29791666666666666
0 0.45625 0.47291666666666665 0.2359375 0.26875
0 0.178125 0.5479166666666667 0.246875 0.2625
0 0.275 0.8125 0.2703125 0.3625
1 0.153125 0.32708333333333334 0.165625 0.06875
1 0.4328125 0.24583333333333332 0.1515625 0.06041666666666667
1 0.684375 0.225 0.15 0.052083333333333336
1 0.1828125 0.5770833333333333 0.178125 0.125
1 0.4703125 0.5 0.1578125 0.15
1 0.78125 0.44583333333333336 0.146875 0.13125
1 0.903125 0.6541666666666667 0.1609375 0.11458333333333333
1 0.596875 0.7520833333333333 0.171875 0.15
1 0.2953125 0.8375 0.171875 0.21666666666666667