0 0.2828125 0.19583333333333333 0.2265625 0.3
0 0.5625 0.15 0.2296875 0.29791666666666666
0 0.6171875 0.38333333333333336 0.228125 0.23541666666666666
0 0.1765625 0.5458333333333333 0.2171875 0.31875
0 0.7265625 0.7479166666666667 0.1484375 0.29791666666666666
0 0.51875 0.7395833333333334 0.1359375 0.2791666666666667
0 0.3671875 0.7979166666666667 0.19375 0.3229166666666667
0 0.4171875 0.5166666666666667 0.2296875 0.24791666666666667
0 0.778125 0.33125 0.2125 0.2520833333333333
1 0.3046875 0.21875 0.1328125 0.18541666666666667
1 0.5796875 0.17291666666666666 0.1390625 0.18125
1 0.1984375 0.5645833333333333 0.1203125 0.20833333333333334
1 0.4078125 0.48125 0.1640625 0.11666666666666667
1 0.6234375 0.41458333333333336 0.165625 0.10833333333333334
1 0.696875 0.74375 0.05 0.23541666666666666
1 0.5484375 0.74375 0.04375 0.23541666666666666
1 0.340625 0.81875 0.096875 0.23125
1 0.7765625 0.36666666666666664 0.125 0.1125