0 0.1427750207974277 0.6535747568401594 0.1663491946765233 0.18332707064284837
0 0.3680270301889679 0.7042812671774349 0.18366402866891196 0.18816054420664752
0 0.5592396206071474 0.7417077485712272 0.20949169961943923 0.21621377848126475
0 0.8240316324701453 0.8065237886877467 0.24156937056996633 0.24450948799120292
0 0.8817632890490354 0.5654058226457948 0.23647342190192902 0.21944886918237264
0 0.625960252508639 0.5190669978895391 0.21736786661563343 0.2186002058587493
0 0.39190890467608575 0.4363719149297482 0.20343270060802227 0.22222130324594383
0 0.1627652327369755 0.4118889276856301 0.17272652866891208 0.18773621254483583
0 0.17583428262324477 0.19967285924191883 0.17929486364988403 0.1983953544468235
0 0.4076254520908972 0.20840960886837637 0.19998936562705047 0.2116833989616166
0 0.6508634575281046 0.23338869349968894 0.24765754448624283 0.29052467775102697
0 0.8994681007983027 0.3027351131358565 0.2010637984033945 0.2413956349077555
1 0.14110243285070623 0.6244383995779079 0.12078734387822054 0.07127369613776485
1 0.3679169422422464 0.675084291106353 0.13309634288963731 0.06550864660840693
1 0.16106081129215682 0.3817109037567119 0.12391234387822055 0.07139493375542542
1 0.3949556502274615 0.4080953679076726 0.14192751482874763 0.09914507398589147
1 0.5621590321661343 0.7092645348824849 0.14798651384016442 0.09313754922121238
1 0.6264404135733344 0.4835897124140422 0.1571705128515813 0.08725126207419388
1 0.8308572940291323 0.7739290279769288 0.16581068380210837 0.11463768945167867
1 0.8843457554743885 0.5278148944325493 0.16973417984777547 0.08981954587816929
1 0.9195086867678579 0.26551904469214516 0.1609826264642841 0.10029683135366613
1 0.663253369581383 0.20370676695796522 0.16070668973360752 0.15189521421635746
1 0.4111987796574952 0.1717694191085523 0.1461693458553869 0.08474359707904888
1 0.1772866946765233 0.17041526436200677 0.1287271778706093 0.0757434568485829