0 0.4171875 0.10208333333333333 0.184375 0.18541666666666667
0 0.21875 0.26875 0.190625 0.2
0 0.5390625 0.34375 0.1828125 0.175
0 0.8359375 0.375 0.1890625 0.19791666666666666
0 0.7484375 0.60625 0.18125 0.16666666666666666
0 0.34375 0.4479166666666667 0.1890625 0.18958333333333333
0 0.465625 0.61875 0.190625 0.19166666666666668
0 0.16875 0.5979166666666667 0.1921875 0.19791666666666666
0 0.315625 0.8604166666666667 0.1765625 0.16041666666666668
0 0.5875 0.8458333333333333 0.1765625 0.16875
1 0.4125 0.12916666666666668 0.134375 0.08333333333333333
1 0.5359375 0.375 0.1390625 0.07708333333333334
1 0.221875 0.29583333333333334 0.140625 0.08541666666666667
1 0.3484375 0.47708333333333336 0.140625 0.08125
1 0.83125 0.39791666666666664 0.1375 0.10833333333333334
1 0.1640625 0.6270833333333333 0.14375 0.09791666666666667
1 0.4609375 0.65 0.1390625 0.08333333333333333
1 0.746875 0.6375 0.1375 0.058333333333333334
1 0.3125 0.89375 0.1421875 0.052083333333333336
1 0.5859375 0.8791666666666667 0.1421875 0.052083333333333336