0 0.8548048234361072 0.2107778711970843 0.26129651583511765 0.2392023799381485
1 0.856262023356965 0.17022560637944542 0.19694920783841674 0.08106126519675948
0 0.7332028888881488 0.8871684076735652 0.26777383636823104 0.22566318465286958
1 0.7313305003292043 0.8492190738318989 0.20177310015828454 0.08745673556148172
0 0.2431004453020042 0.2282280768733799 0.26657504922121245 0.266431183636204
1 0.2421456990629279 0.18447807687337991 0.20360838479802065 0.10000522568305582
0 0.3340426602000497 0.6391071415893522 0.2961094365265155 0.3318873391578708
1 0.32254287054574865 0.6845525539500928 0.20506323620994643 0.16667189234972238
0 0.12433034256993017 0.7960299066611576 0.2211094365265156 0.32955981332231515
0 0.5653632048689156 0.5421897480980099 0.2616267879384413 0.3974387330283337
0 0.8372813204666063 0.659929294069538 0.2880074315119508 0.3899297317617595
1 0.5938602779093115 0.5243368153471303 0.1370239415410804 0.2686565035455556
1 0.8608863050272001 0.6325558909539362 0.17379651583511765 0.2364869331300002
1 0.10917670401098582 0.7455934955669908 0.18934730799670105 0.16202032446731493