0 0.807260696159398 0.23000655873029713 0.2775068705699663 0.2501025204555063
0 0.47980685821267655 0.18309802245746 0.27132053756616054 0.25184629647580287
0 0.15761086463846719 0.20615093150780794 0.2785255425090765 0.2834358537888396
0 0.844793824143738 0.5138686779697588 0.2938958745242989 0.27595141373809823
0 0.5009801571475437 0.49310969241940394 0.31898871642535304 0.3313914203286527
0 0.13115974707143152 0.5146151436245133 0.24080004942915872 0.3250636205823599
0 0.7933254605310351 0.8202956390359124 0.3619693952845456 0.35940872192817513
0 0.397709213002493 0.8252670283393843 0.35320189034162974 0.3494659433212315
0 0.07326762851581269 0.8151315691760348 0.10476970752810455 0.26359647168540284
1 0.7857013029263809 0.8911271999737542 0.2616272025851886 0.21774560005249152
1 0.8129350346004112 0.2625528933817413 0.19712435079830257 0.12094294337080604
1 0.47951769813656436 0.2246797997958675 0.2055735207602467 0.14220072334543535
1 0.15462778608328587 0.2361470415204933 0.21038835475263545 0.14662205799687958
1 0.8445683310638202 0.5575337886414996 0.21699118182494176 0.1074631713048421
1 0.4934369125847512 0.5270178011139783 0.22496019072219048 0.16405272861787903
1 0.39321005539783876 0.896989880810113 0.2564011917107738 0.17200051518306292
1 0.10261825300293057 0.5505022463875887 0.17582235376405228 0.13850449277517735