0 0.1265625 0.23541666666666666 0.2109375 0.15833333333333333
0 0.4140625 0.2375 0.2046875 0.16041666666666668
0 0.640625 0.24583333333333332 0.2078125 0.16666666666666666
0 0.903125 0.24166666666666667 0.19375 0.17916666666666667
0 0.1078125 0.51875 0.215625 0.19166666666666668
0 0.415625 0.5395833333333333 0.2265625 0.21875
0 0.7046875 0.4979166666666667 0.2265625 0.19375
0 0.9328125 0.49375 0.134375 0.18541666666666667
0 0.1078125 0.8041666666666667 0.2140625 0.23333333333333334
0 0.415625 0.8354166666666667 0.240625 0.24166666666666667
0 0.721875 0.8375 0.2640625 0.32083333333333336
0 0.953125 0.7958333333333333 0.09375 0.22083333333333333
1 0.125 0.26458333333333334 0.1546875 0.04583333333333333
1 0.4140625 0.26458333333333334 0.15625 0.04791666666666667
1 0.640625 0.27708333333333335 0.1578125 0.05416666666666667
1 0.921875 0.2708333333333333 0.153125 0.0625
1 0.7046875 0.5291666666666667 0.171875 0.06041666666666667
1 0.4171875 0.5729166666666666 0.175 0.08125
1 0.0984375 0.55625 0.171875 0.05625
1 0.0875 0.84375 0.175 0.07916666666666666
1 0.4125 0.8770833333333333 0.1875 0.07916666666666666
1 0.7359375 0.8708333333333333 0.178125 0.16458333333333333