0 0.1375 0.28958333333333336 0.15 0.15625
0 0.3640625 0.2625 0.1671875 0.15833333333333333
0 0.55625 0.24375 0.1890625 0.18333333333333332
0 0.8234375 0.20625 0.21875 0.20625
0 0.8703125 0.45208333333333334 0.2203125 0.18125
0 0.6125 0.47291666666666665 0.196875 0.18333333333333332
0 0.375 0.53125 0.1828125 0.18958333333333333
0 0.1453125 0.5333333333333333 0.1546875 0.16041666666666668
0 0.1484375 0.7458333333333333 0.1609375 0.17083333333333334
0 0.3796875 0.7604166666666666 0.18125 0.17916666666666667
0 0.6234375 0.7604166666666666 0.2203125 0.2520833333333333
0 0.8921875 0.71875 0.2140625 0.20416666666666666
1 0.134375 0.31875 0.115625 0.05
1 0.3625 0.2916666666666667 0.128125 0.04375
1 0.1421875 0.5625 0.11875 0.05
1 0.3765625 0.5604166666666667 0.134375 0.075
1 0.5578125 0.27708333333333335 0.140625 0.06875
1 0.6109375 0.5083333333333333 0.1515625 0.06041666666666667
1 0.828125 0.23958333333333334 0.15625 0.0875
1 0.8703125 0.4895833333333333 0.1640625 0.06041666666666667
1 0.9015625 0.75625 0.171875 0.07083333333333333
1 0.634375 0.7916666666666666 0.146875 0.12708333333333333
1 0.38125 0.7979166666666667 0.1390625 0.06041666666666667
1 0.1484375 0.775 0.1234375 0.05416666666666667