0 0.2657312044879929 0.8303727483895424 0.24386138243296437 0.3231500659055449
0 0.546026199545077 0.8581422859309157 0.2469227154367699 0.2837154281381686
0 0.6016262366169461 0.6451593966522312 0.24188770555093822 0.2585667325722116
0 0.1614561758562619 0.4783000494291587 0.23505938539871388 0.34139072993598985
0 0.7129271284414507 0.28080064699415264 0.16554538144438116 0.31265559949258553
0 0.5045734589737982 0.28721869966901387 0.15247237847863176 0.29322648486651204
0 0.35300830038056086 0.22785787883294673 0.21168555239490824 0.34220072334543533
0 0.4022894228905124 0.5101654506452034 0.24383220752810447 0.2711516219004709
0 0.762007979696864 0.6976954421270573 0.2267720415204934 0.2743845059562863
1 0.2883383749442284 0.8076028656518377 0.14335736364988402 0.19913692755347512
1 0.5631327865032153 0.8548774987562512 0.1494800296574951 0.19530981819984536
1 0.18312292882201145 0.4606960553606578 0.13155770060802227 0.22137447959406842
1 0.3926133339552077 0.5451152260064446 0.17100751977166356 0.13408315812373317
1 0.6080818250579592 0.6131648426344718 0.1723153517868859 0.125834714118659
1 0.6830804609509646 0.2843960830905614 0.06350803756616052 0.24055601581733085
1 0.5344201264642843 0.2836232635726051 0.057258037566160526 0.24021645850429393
1 0.3262693868444076 0.20658064892174424 0.11031937056996624 0.24101936233177312
1 0.7607147351340713 0.6631931081346685 0.13175401878308027 0.1257109249172534