0 0.1578125 0.16875 0.25 0.21875
1 0.15625 0.12708333333333333 0.19375 0.06666666666666667
0 0.2765625 0.8666666666666667 0.25625 0.22916666666666666
1 0.278125 0.8166666666666667 0.1984375 0.07291666666666667
0 0.76875 0.23333333333333334 0.2546875 0.24583333333333332
1 0.7703125 0.18958333333333333 0.2 0.08541666666666667
0 0.6765625 0.6375 0.28125 0.3104166666666667
1 0.6875 0.6833333333333333 0.1984375 0.15208333333333332
0 0.890625 0.8125 0.21875 0.3125
0 0.4453125 0.5229166666666667 0.24375 0.37916666666666665
0 0.1734375 0.61875 0.2703125 0.36875
1 0.4171875 0.5020833333333333 0.125 0.25833333333333336
1 0.15 0.5895833333333333 0.1625 0.22291666666666668
1 0.9046875 0.7625 0.190625 0.14791666666666667