0 0.4953762799543756 0.8979166666666667 0.2122679824490227 0.20416666666666666
0 0.2744667348897982 0.7989583333333333 0.22098976458147632 0.24583333333333332
0 0.5749859089464084 0.64375 0.20946123119538154 0.21875
0 0.8593859895086517 0.5375 0.21933633636823088 0.24166666666666667
0 0.7361577750063176 0.33229166666666665 0.20615437476889084 0.21041666666666667
0 0.3667953242275301 0.590625 0.21759197994174037 0.23333333333333334
0 0.4577660020450641 0.39166666666666666 0.21924540815498564 0.2375
0 0.1715988330030187 0.48854166666666665 0.2225068004748537 0.24375
0 0.271392929862598 0.19270833333333334 0.20128501834240006 0.20208333333333334
0 0.5397421130904083 0.13854166666666667 0.20146687476889086 0.21041666666666667
1 0.4865324773679508 0.8864583333333333 0.14629598997087018 0.11666666666666667
1 0.5665141794003796 0.6135416666666667 0.14928459765100222 0.11041666666666666
1 0.27307171945039205 0.7708333333333334 0.1525914540774928 0.11875
1 0.3669400767348126 0.5614583333333333 0.15250052586424748 0.11458333333333333
1 0.8510961163891135 0.515625 0.15309155925034226 0.14166666666666666
1 0.16239131756361253 0.46041666666666664 0.15759720282385162 0.13333333333333333
1 0.4477545045523465 0.3625 0.1509834899708702 0.11666666666666667
1 0.7292485454602888 0.3020833333333333 0.14575042069139776 0.09166666666666666
1 0.2628984682632578 0.16145833333333334 0.1487844924781526 0.0875
1 0.5327874194377568 0.10625 0.14878449247815267 0.0875