0 0.21315520305759067 0.7705092258968376 0.23947353060296192 0.24618390392662234
0 0.4948418507002258 0.7699139373374321 0.2308605099247975 0.22290347924441653
0 0.7466205204687675 0.7195865109673005 0.22075776385373888 0.20163363629243633
0 0.7884333771693585 0.4828834596678508 0.2650214942090317 0.307691844639906
0 0.8703885056862697 0.2493516968147156 0.2592229886274605 0.3140145962430138
0 0.563929875102444 0.23875651423006158 0.30292390860089 0.3656151315113856
0 0.4788957113297583 0.515032986218084 0.2783220148871962 0.3311905241314352
0 0.19497447559778194 0.5188624021821511 0.2876242402800903 0.3295437004167487
0 0.24605101633493826 0.2337334229942799 0.32869019602827737 0.43337307222466936
1 0.20748524586166156 0.7426024807061609 0.17558650496239867 0.11425267634185872
1 0.4939321681114025 0.7438722706707654 0.16108735731976367 0.10109791191388856
1 0.7426222251834972 0.6947320141735162 0.1576712588913402 0.09261907537433985
1 0.19473688109829992 0.48965935971393043 0.1979366939613627 0.17353178051559368
1 0.4888143668302763 0.4853570583296626 0.18140416542531543 0.19148151288140777
1 0.8014406453663234 0.45202036190654715 0.16817641935425698 0.17006616672321198
1 0.8854773893704675 0.2143946839898532 0.1786772717116218 0.15807542794496665
1 0.5705052067816443 0.2029760895478559 0.19561221463952716 0.19630294397604472
1 0.2621832845319033 0.2027248220267607 0.20575350206691462 0.26333336865825047