0 0.225 0.14583333333333334 0.25625 0.2
0 0.5515625 0.1625 0.25 0.20416666666666666
0 0.8703125 0.24791666666666667 0.253125 0.23541666666666666
0 0.1734375 0.42291666666666666 0.2703125 0.225
0 0.515625 0.46875 0.2890625 0.275
0 0.8875 0.5625 0.225 0.2833333333333333
0 0.2078125 0.78125 0.321875 0.38125
0 0.6015625 0.8375 0.31875 0.3229166666666667
0 0.9421875 0.8770833333333333 0.115625 0.24375
1 0.2140625 0.8229166666666666 0.240625 0.19375
1 0.2171875 0.17708333333333334 0.1875 0.08541666666666667
1 0.55 0.20416666666666666 0.19375 0.10416666666666667
1 0.871875 0.2791666666666667 0.1984375 0.10833333333333334
1 0.171875 0.4666666666666667 0.209375 0.06666666666666667
1 0.521875 0.5041666666666667 0.2125 0.12291666666666666
1 0.603125 0.89375 0.24375 0.125
1 0.9125 0.6041666666666666 0.1734375 0.10625