0 0.8342963226421507 0.7378152450087143 0.28474101298564347 0.27757805225611015
0 0.5134031700443629 0.8253027196277442 0.2800807865245938 0.27947952916295266
0 0.18845771712226353 0.8420780985311009 0.2883023896088489 0.31103262320710406
0 0.837591097805954 0.45212579370231154 0.30387284253094826 0.3074721446287396
0 0.49685304951023734 0.516412670098386 0.32958195454365724 0.36260871223669017
0 0.1282257804355139 0.5400937089823229 0.24663308684890542 0.3489792487020208
0 0.7446421185055306 0.17674016143263213 0.3799092370110612 0.35348032286526426
0 0.3494932597392326 0.19678720313199718 0.36773651947846525 0.39357440626399437
0 0.04551487175194148 0.2525299588282502 0.0879205600635442 0.27410674901016635
1 0.731214818181219 0.10508847418009054 0.26867963636243813 0.21017694836018108
1 0.8369985827884203 0.7054023407243871 0.19864778003177222 0.14305463657927717
1 0.507388949265356 0.7838482187919832 0.20829551542127547 0.16425168276559202
1 0.1810310008074836 0.8121425498375037 0.2130375624991762 0.1686002058587493
1 0.8315632402574721 0.40962962619988397 0.21723413879807013 0.13128206228523992
1 0.48469792288703195 0.48353397783127944 0.22890802434972918 0.18795639394705171
1 0.3393818741875735 0.13065633729266785 0.260294392044481 0.1995854367903232
1 0.09341440381230846 0.5080939894432549 0.17542846834337483 0.15881202111349021