0 0.8675580279678652 0.3358801482604525 0.1577045066836355 0.17030313852671194
0 0.6429398359723194 0.2868936287819872 0.17491018801718106 0.17278648376465036
0 0.45180630597550114 0.2511889507534317 0.19702154535327185 0.20037892315839004
0 0.18667220198122814 0.1887569485913546 0.2284897213558171 0.22610621753039908
0 0.1283131672899565 0.429114485388405 0.22827154535327182 0.2011062175303991
0 0.3850080626193658 0.4736381482648462 0.20483404535327185 0.2005607467513922
0 0.6187285346117297 0.5540928560549143 0.1923885893539083 0.20651982900258853
0 0.8482524026098208 0.5781884696891808 0.1624283693507266 0.17457889934918
0 0.834688247254958 0.7893740676330108 0.16876927601845396 0.18514102489024845
0 0.6034473379217309 0.782950422613477 0.18917268268618095 0.1960304328987211
0 0.3598518792568671 0.759569193178473 0.2320147106938169 0.27201228030093316
0 0.10293245397041044 0.6930796185055306 0.20586490794082088 0.22365923701106116
1 0.868865989298229 0.3650831796457196 0.11769657733927233 0.06106068722836729
1 0.6426852973026833 0.3160602954486539 0.13014203333863605 0.055101604977170975
1 0.8495603639401846 0.607391501074448 0.12082157733927232 0.0611334166655683
1 0.6161302459420936 0.5832049756436802 0.13822725334181776 0.08653342857017303
1 0.44839949530554674 0.28340788798289746 0.14444089067472685 0.08251222077790837
1 0.38468988928232056 0.5100964815981796 0.15374316534054513 0.07439707575617772
1 0.18092164131127375 0.2209213387429197 0.16022952267663593 0.10162586796391296
1 0.12642340328613852 0.4665781206698045 0.16624316534054512 0.0746879935049814
1 0.08528587529838796 0.7301977889602258 0.17057175059677593 0.08740618181658419
1 0.34786040925368544 0.7905464577889696 0.15276246801399934 0.14102737770424387
1 0.5999950739179128 0.8203776931762761 0.14124316534054504 0.07410615800737427
1 0.8336524585853219 0.8185225519403773 0.12554544000636342 0.06540917748803612