0 0.8546477667595545 0.5700031511402794 0.23804087226160817 0.2504233221963967
0 0.5920902792959668 0.727913250589509 0.22972826708875882 0.22714289751419112
0 0.34335125092443686 0.8248246705472091 0.21989862602253202 0.2058730545622107
0 0.23822714489365754 0.635125616098089 0.26435933135366607 0.3120040145127883
0 0.11288278173674222 0.47062167223513496 0.22576556347348445 0.3170899888630634
0 0.37925427632646586 0.2882803540323715 0.30156982633910123 0.37201063471760115
0 0.5356226336108864 0.4901619389122673 0.2773594365265156 0.3355026940043173
0 0.8012823890211628 0.3331480029234889 0.2866889724198927 0.333855870289631
0 0.6719849970970062 0.16191794301899115 0.32478000580598765 0.3238358860379823
1 0.8529405142522719 0.5409456118782745 0.1742845976510022 0.11841934300852562
1 0.5863631165221277 0.7042459236686068 0.15994931301126591 0.10526457858055523
1 0.340771820203909 0.7999701737534247 0.15664245658477532 0.09678574204100628
1 0.7924984224072575 0.30650117920880243 0.19587009263643723 0.17769844718226036
1 0.5181539887837359 0.4680819156813404 0.1806542695960413 0.19572093115118225
1 0.21839201801319566 0.6141963869384904 0.1661371285298145 0.17423283338987877
1 0.08030596245727004 0.4460714134321784 0.16061192491454007 0.1620238398023099
1 0.36270327381918344 0.25991395499989073 0.19480769780928667 0.2005423622458192
1 0.6489028497625732 0.10903434205147193 0.2053193004748536 0.21806868410294386