0 0.46799308344622814 0.11440156610750053 0.21098616689245625 0.20630371580462986
0 0.2575712398232347 0.2202341743910651 0.22183513568479177 0.24409465653407428
0 0.5709520663720579 0.3714533950078247 0.20983310266810484 0.21667189234972237
0 0.8636585447753318 0.473132400832362 0.21862824852966192 0.24191434295759276
0 0.7586069538658718 0.6789918670182417 0.20638055404758598 0.20824157877324107
0 0.3678989874483855 0.426535277354167 0.21830069990914297 0.2335810096242594
0 0.4763366864530173 0.6244545568623615 0.21994508706427265 0.23571283307916696
0 0.1824771438253921 0.533143727582917 0.22175324852966197 0.24201132320074095
0 0.3079219583884276 0.8262668397911578 0.20144739258219674 0.20184610840851888
0 0.5798722014910227 0.8763222974901396 0.20177494120271575 0.2101794417418522
1 0.4615759871097012 0.12980836056041717 0.1465275192218769 0.11482926772990758
1 0.5651081801214393 0.40144352279407464 0.15096935775648762 0.1087247380946297
1 0.25867671641748635 0.24835917439106509 0.1529412935321363 0.11918989488287059
1 0.3706488511977669 0.45679210080907445 0.15277751922187682 0.11502322821620391
1 0.8574871099041943 0.49478919528527865 0.153760165083434 0.14002322821620392
1 0.17494792684207888 0.5599603652475927 0.15812011646291485 0.13183536524759276
1 0.46888935662483383 0.6533545278603708 0.1512150192218769 0.11497473809462994
1 0.7543665111928182 0.7100721515927323 0.14554487336031982 0.08982926772990775
1 0.30215995929293876 0.8583403009107411 0.15006859905006031 0.08580807142796303
1 0.5757136459730987 0.9094859153979636 0.15006859905006031 0.08580807142796326